 2019 1001    0  344    0
 370.667 324.172 381.344 340.208 342.710 333.132 334.637 443.925  66.881 156.643
 151.619 166.379  47.996  86.713 173.600 479.831 416.637 405.668 447.267 390.270
 373.971 380.555 339.407 360.279 257.041 251.669 235.007 163.073 137.678 123.588
  50.065 179.028 170.508 217.755 208.173 149.378 407.436 427.016 396.331 361.394
 349.152 389.396 421.490 457.150 461.719 467.841 484.814 272.091 332.927 362.837
 378.367 335.717 323.609 322.201 350.334 338.684 348.577 223.060 241.800 237.194
 234.825 123.083 158.373 111.214 124.403 153.252 225.683 549.587 546.078 484.116
 445.411 437.265 414.746 402.740 374.898 371.573 458.537 419.616 430.598 393.040
 382.635 382.300 395.972 379.437 365.746 429.040 451.199 519.263 440.536 452.451
 488.850 477.921 502.693 483.985 333.992 415.183 499.496 282.861 396.820 497.977
 230.912 375.190 523.015 376.493 366.313 375.985 380.752 307.430 339.036 331.918
 349.009 387.196 438.832 486.579 472.402 451.523 448.162 485.888 477.044 366.758
 324.874 353.443 318.699 321.099 360.406 360.454 393.162 429.092 418.430 416.327
 439.058 450.573 421.360 398.793 450.260 444.858 405.972 473.720 430.962 411.656
 405.989 421.091 432.397 433.509 481.582 480.027 470.004 490.731 519.184 376.484
 378.915 408.312 340.135 411.932 390.997 407.281 407.522 387.495 441.070 529.908
 449.214 489.211 430.776 417.828 374.521 212.899 192.853 224.852 264.742 296.441
 312.498 305.811 288.453 431.313 389.500 431.298 425.607 315.635 377.260 469.267
  97.706 156.239  92.179  40.585 487.998 405.333 409.573 374.813 349.680 121.172
 192.984 182.761 158.393 101.972 205.477 140.215 120.673 426.382 419.763 478.484
 395.287 403.374 467.251 419.390 401.439 425.419 413.628 414.261 420.299 350.367
 365.718 347.043 458.394 450.180 478.453 361.950 341.011 335.857 396.993 396.493
 426.745 324.891 369.366 392.381 422.301 396.917 434.371 380.537 381.162 418.662
 424.698 367.705 387.091 392.934 247.380 389.258 516.597 363.163 422.900 443.707
 329.822 363.321 455.916 410.957 339.134 301.627 411.188 245.268 128.675 134.989
 168.717 113.538 406.085 411.578 392.623 354.994 402.234 424.079 422.979 398.910
 446.783 477.192 407.695 425.443 315.270 307.070 441.505 343.472 333.961 416.670
 331.980 365.816 438.970 403.637 339.853 395.061 491.515 429.969 460.052 385.342
 401.427 383.250 379.022 235.864 249.516 271.196 350.714 145.312 199.032 222.276
 526.124 151.056 240.050 108.895 106.643 208.322 145.028 233.618  87.329  86.138
 484.069 425.783 404.366 395.120 343.178 352.958 323.252 354.383 367.709 449.673
 214.721 309.452 396.750 458.711 203.233 115.033  84.187 194.364 151.454 388.369
 387.482 362.158 417.047 345.020 333.689 478.176 500.500 515.287 512.951 515.598
 491.838 578.409 519.829 513.151 216.668 307.947 126.481 188.936 251.438 286.362
 243.300 206.844 161.577 143.328
 2019 1002    0  344    0
 375.645 328.152 386.411 342.332 344.500 334.420 336.350 446.518  66.505 155.922
 150.824 165.443  47.719  86.178 172.590 483.676 417.323 408.225 449.666 393.975
 377.064 384.067 344.925 364.160 256.065 250.568 234.077 162.146 136.941 122.845
  49.797 178.712 170.660 217.261 207.942 148.954 410.493 429.165 399.861 361.430
 347.727 391.218 420.461 456.543 460.765 465.664 484.127 269.728 336.642 365.158
 379.544 337.627 324.958 324.898 351.028 339.271 349.870 224.153 242.503 237.225
 234.891 122.929 157.958 111.064 124.459 152.998 225.701 549.264 547.320 484.975
 446.423 438.491 416.433 405.292 378.286 374.282 459.050 419.752 430.768 394.200
 383.686 382.892 398.596 381.706 366.807 431.215 453.510 521.101 442.527 454.405
 489.339 479.101 503.384 483.305 332.965 415.448 499.796 281.985 396.513 497.076
 230.706 374.754 523.829 378.973 370.222 379.360 382.728 310.764 343.158 336.655
 351.857 389.152 443.287 488.449 474.474 454.811 450.836 488.726 480.684 364.876
 323.571 352.554 318.750 321.162 360.544 360.223 393.551 432.365 421.636 419.400
 440.950 452.627 422.899 400.420 454.110 448.651 408.709 475.278 433.051 412.750
 406.592 422.797 432.997 434.091 482.130 481.472 471.320 492.500 520.564 379.283
 387.134 411.264 345.313 421.921 395.612 410.820 412.004 393.344 444.932 529.769
 450.094 490.838 434.418 419.645 377.706 213.603 193.265 224.702 265.212 296.989
 311.865 305.450 287.689 430.636 390.202 430.401 426.393 314.763 376.519 469.391
  97.427 155.879  91.772  40.371 489.830 407.560 409.773 374.394 349.415 120.715
 192.607 182.998 157.927 101.756 205.356 142.651 120.546 426.516 421.201 481.394
 397.882 407.327 470.712 421.217 403.357 426.442 415.070 416.967 422.752 351.610
 367.055 348.606 458.050 449.308 478.031 361.708 341.345 338.176 396.671 396.989
 428.048 325.057 370.717 393.018 422.283 396.842 434.124 380.574 380.981 418.132
 425.748 367.701 388.841 394.479 247.766 389.884 518.552 362.334 424.380 449.777
 329.069 366.457 460.354 411.743 339.794 301.227 412.741 244.651 128.470 134.595
 168.678 113.356 406.189 412.303 392.669 355.624 402.693 424.779 423.218 399.428
 447.780 478.147 410.023 430.138 316.633 308.149 440.501 343.790 334.347 417.461
 332.613 366.713 439.604 403.621 339.589 394.682 491.278 429.557 460.106 386.446
 403.575 386.919 383.595 237.009 248.294 272.145 351.511 144.970 199.538 223.450
 527.290 151.585 240.119 108.546 106.113 208.047 144.446 233.169  87.082  85.783
 485.815 428.013 406.881 396.054 344.051 355.395 323.062 354.784 369.594 457.182
 215.797 310.465 398.162 465.207 204.201 115.240  84.299 194.986 152.012 389.738
 388.173 364.387 418.855 346.750 333.603 480.064 500.570 516.053 514.382 516.109
 493.651 578.900 521.471 514.698 217.956 307.756 126.221 188.764 251.815 287.013
 242.944 206.472 161.367 143.568
 2019 1003    0  344    0
 380.577 332.103 391.428 344.440 346.276 335.698 338.050 449.079  66.131 155.204
 150.032 164.512  47.443  85.646 171.585 487.472 418.003 410.760 452.041 397.648
 380.133 387.551 350.398 368.009 255.093 249.472 233.151 161.225 136.208 122.106
  49.530 178.397 170.812 216.769 207.712 148.532 413.526 431.296 403.362 361.467
 346.310 393.021 419.440 455.943 459.824 463.510 483.450 267.387 340.329 367.461
 380.712 339.523 326.297 327.573 351.717 339.854 351.153 225.242 243.203 237.256
 234.958 122.776 157.545 110.914 124.514 152.745 225.718 548.943 548.544 485.826
 447.428 439.708 418.107 407.823 381.649 376.971 459.558 419.888 430.936 395.352
 384.730 383.481 401.198 383.958 367.861 433.374 455.802 522.918 444.503 456.343
 489.823 480.272 504.068 482.629 331.942 415.712 500.093 281.113 396.208 496.182
 230.501 374.319 524.634 381.433 374.099 382.707 384.690 314.076 347.248 341.354
 354.682 391.091 447.684 490.294 476.520 458.056 453.487 491.533 484.280 363.005
 322.276 351.671 318.800 321.225 360.682 359.993 393.937 435.608 424.813 422.447
 442.827 454.664 424.428 402.036 457.920 452.408 411.426 476.822 435.124 413.836
 407.193 424.493 433.593 434.669 482.675 482.904 472.626 494.252 521.930 382.060
 395.264 414.190 350.448 431.763 400.183 414.324 416.436 399.130 448.745 529.630
 450.967 492.448 438.026 421.447 380.867 214.304 193.676 224.552 265.681 297.535
 311.234 305.091 286.927 429.962 390.900 429.509 427.174 313.894 375.782 469.514
  97.148 155.521  91.367  40.158 491.644 409.772 409.972 373.977 349.152 120.261
 192.232 183.235 157.464 101.542 205.236 145.075 120.420 426.650 422.629 484.272
 400.457 411.247 474.134 423.032 405.261 427.457 416.502 419.650 425.182 352.844
 368.382 350.158 457.708 448.443 477.613 361.466 341.678 340.485 396.350 397.484
 429.344 325.222 372.060 393.652 422.265 396.767 433.878 380.611 380.801 417.606
 426.791 367.696 390.579 396.012 248.151 390.507 520.482 361.509 425.849 455.769
 328.321 369.570 464.738 412.525 340.451 300.828 414.283 244.037 128.266 134.202
 168.638 113.174 406.293 413.022 392.715 356.249 403.149 425.474 423.456 399.942
 448.769 479.093 412.333 434.781 317.987 309.221 439.504 344.106 334.730 418.245
 333.244 367.607 440.236 403.605 339.326 394.305 491.043 429.148 460.160 387.543
 405.705 390.557 388.129 238.148 247.078 273.089 352.302 144.631 200.041 224.615
 528.438 152.109 240.188 108.198 105.586 207.773 143.866 232.722  86.835  85.429
 487.544 430.226 409.378 396.981 344.919 357.814 322.872 355.184 371.466 464.589
 216.868 311.472 399.565 471.619 205.166 115.446  84.411 195.606 152.567 391.098
 388.859 366.601 420.648 348.468 333.517 481.936 500.639 516.812 515.799 516.615
 495.445 579.384 523.093 516.228 219.240 307.566 125.963 188.592 252.191 287.661
 242.590 206.101 161.158 143.808
 2019 1004    0  344    0
 385.466 336.023 396.396 346.532 348.038 336.967 339.736 451.610  65.759 154.490
 149.245 163.587  47.169  85.117 170.586 491.217 418.679 413.275 454.394 401.290
 383.179 391.005 355.829 371.827 254.127 248.382 232.230 160.309 135.479 121.372
  49.264 178.083 170.962 216.279 207.483 148.111 416.533 433.409 406.833 361.503
 344.903 394.808 418.429 455.350 458.893 461.380 482.782 265.068 343.987 369.747
 381.871 341.405 327.627 330.228 352.400 340.432 352.425 226.327 243.899 237.288
 235.023 122.623 157.133 110.765 124.570 152.493 225.736 548.626 549.753 486.670
 448.424 440.916 419.769 410.335 384.986 379.641 460.063 420.022 431.104 396.496
 385.768 384.065 403.780 386.193 368.908 435.518 458.075 524.714 446.464 458.265
 490.304 481.433 504.746 481.957 330.924 415.974 500.388 280.245 395.904 495.293
 230.297 373.887 525.430 383.876 377.946 386.028 386.637 317.364 351.306 346.016
 357.485 393.013 452.022 492.115 478.540 461.260 456.115 494.308 487.832 361.145
 320.989 350.793 318.849 321.287 360.819 359.764 394.321 438.822 427.964 425.467
 444.689 456.684 425.946 403.642 461.690 456.127 414.122 478.351 437.180 414.914
 407.790 426.177 434.186 435.244 483.215 484.324 473.922 495.988 523.281 384.815
 403.302 417.090 355.541 441.456 404.709 417.792 420.820 404.852 452.507 529.493
 451.833 494.042 441.599 423.235 384.003 215.002 194.085 224.404 266.147 298.080
 310.606 304.732 286.169 429.291 391.594 428.621 427.951 313.029 375.048 469.636
  96.871 155.165  90.964  39.945 493.439 411.967 410.169 373.563 348.891 119.808
 191.860 183.470 157.004 101.328 205.117 147.486 120.294 426.783 424.047 487.118
 403.011 415.134 477.518 424.833 407.153 428.465 417.923 422.308 427.591 354.069
 369.700 351.699 457.370 447.584 477.199 361.226 342.010 342.783 396.031 397.975
 430.632 325.387 373.398 394.284 422.248 396.693 433.634 380.648 380.621 417.084
 427.825 367.691 392.304 397.534 248.534 391.127 522.387 360.689 427.307 461.683
 327.576 372.660 469.068 413.302 341.105 300.432 415.816 243.425 128.063 133.811
 168.599 112.992 406.395 413.737 392.760 356.871 403.602 426.163 423.692 400.454
 449.750 480.030 414.624 439.371 319.331 310.285 438.516 344.419 335.111 419.022
 333.872 368.496 440.863 403.589 339.065 393.929 490.808 428.741 460.214 388.632
 407.817 394.165 392.623 239.281 245.869 274.027 353.088 144.294 200.541 225.771
 529.568 152.630 240.255 107.852 105.062 207.500 143.288 232.276  86.590  85.077
 489.257 432.422 411.855 397.902 345.781 360.216 322.684 355.580 373.324 471.890
 217.933 312.474 400.960 477.943 206.126 115.651  84.523 196.224 153.119 392.449
 389.541 368.798 422.427 350.174 333.432 483.790 500.708 517.563 517.201 517.117
 497.221 579.861 524.696 517.741 220.519 307.376 125.705 188.421 252.565 288.307
 242.237 205.732 160.950 144.047
 2019 1005    0  344    0
 390.309 339.912 401.313 348.608 349.787 338.226 341.409 454.109  65.389 153.779
 148.462 162.666  46.896  84.592 169.593 494.912 419.350 415.768 456.724 404.901
 386.200 394.431 361.215 375.613 253.166 247.297 231.312 159.398 134.754 120.642
  49.000 177.771 171.112 215.791 207.255 147.692 419.516 435.505 410.275 361.539
 343.503 396.577 417.427 454.764 457.974 459.273 482.123 262.770 347.617 372.014
 383.021 343.272 328.947 332.861 353.078 341.006 353.686 227.407 244.593 237.319
 235.089 122.471 156.723 110.617 124.625 152.242 225.754 548.312 550.945 487.506
 449.413 442.114 421.418 412.828 388.298 382.292 460.564 420.155 431.270 397.632
 386.798 384.646 406.341 388.411 369.948 437.645 460.329 526.489 448.410 460.172
 490.781 482.585 505.418 481.290 329.910 416.234 500.680 279.381 395.601 494.411
 230.094 373.457 526.218 386.300 381.761 389.322 388.570 320.629 355.331 350.639
 360.265 394.919 456.300 493.912 480.534 464.421 458.720 497.051 491.341 359.297
 319.710 349.921 318.898 321.349 360.955 359.537 394.702 442.007 431.086 428.460
 446.538 458.687 427.454 405.238 465.420 459.808 416.797 479.866 439.218 415.985
 408.383 427.851 434.775 435.815 483.752 485.732 475.208 497.707 524.617 387.548
 411.247 419.962 360.590 450.991 409.190 421.225 425.155 410.510 456.220 529.357
 452.693 495.620 445.137 425.010 387.116 215.698 194.493 224.255 266.613 298.622
 309.980 304.376 285.413 428.623 392.285 427.737 428.722 312.167 374.317 469.757
  96.594 154.809  90.562  39.734 495.216 414.146 410.365 373.151 348.631 119.357
 191.488 183.705 156.545 101.115 204.998 149.885 120.170 426.915 425.454 489.931
 405.544 418.986 480.864 426.621 409.032 429.466 419.334 424.942 429.977 355.286
 371.008 353.229 457.035 446.732 476.789 360.987 342.340 345.070 395.712 398.465
 431.913 325.551 374.729 394.912 422.230 396.620 433.392 380.684 380.443 416.564
 428.851 367.687 394.016 399.045 248.916 391.742 524.268 359.872 428.754 467.517
 326.835 375.727 473.343 414.074 341.756 300.037 417.340 242.816 127.860 133.422
 168.560 112.812 406.498 414.446 392.805 357.489 404.053 426.848 423.927 400.962
 450.722 480.958 416.897 443.907 320.667 311.342 437.535 344.731 335.489 419.792
 334.498 369.382 441.487 403.573 338.804 393.555 490.576 428.335 460.268 389.713
 409.912 397.741 397.077 240.408 244.665 274.960 353.869 143.959 201.038 226.920
 530.680 153.147 240.323 107.507 104.539 207.228 142.713 231.831  86.345  84.726
 490.952 434.600 414.315 398.815 346.637 362.601 322.496 355.974 375.168 479.082
 218.994 313.472 402.346 484.178 207.082 115.855  84.634 196.839 153.670 393.789
 390.218 370.980 424.190 351.869 333.348 485.628 500.776 518.307 518.587 517.613
 498.979 580.332 526.281 519.236 221.795 307.187 125.449 188.251 252.938 288.951
 241.885 205.364 160.742 144.285
 2019 1006    0  344    0
 395.106 343.772 406.179 350.668 351.522 339.476 343.068 456.577  65.021 153.071
 147.682 161.751  46.625  84.070 168.606 498.556 420.016 418.241 459.031 408.480
 389.197 397.828 366.556 379.367 252.210 246.218 230.399 158.493 134.033 119.917
  48.737 177.461 171.262 215.305 207.028 147.275 422.474 437.583 413.687 361.575
 342.112 398.329 416.433 454.184 457.067 457.189 481.473 260.495 351.219 374.264
 384.163 345.125 330.257 335.474 353.751 341.575 354.937 228.483 245.283 237.350
 235.155 122.319 156.315 110.469 124.680 151.992 225.771 548.001 552.120 488.336
 450.395 443.303 423.055 415.300 391.584 384.923 461.061 420.288 431.435 398.760
 387.821 385.223 408.881 390.612 370.981 439.757 462.564 528.243 450.342 462.063
 491.254 483.727 506.085 480.627 328.901 416.493 500.971 278.521 395.301 493.534
 229.892 373.030 526.997 388.705 385.545 392.588 390.488 323.872 359.324 355.225
 363.022 396.808 460.520 495.684 482.501 467.539 461.301 499.761 494.807 357.458
 318.438 349.054 318.947 321.410 361.091 359.311 395.080 445.161 434.181 431.427
 448.373 460.672 428.950 406.822 469.109 463.452 419.452 481.366 441.240 417.048
 408.974 429.514 435.361 436.383 484.285 487.128 476.484 499.409 525.939 390.258
 419.095 422.809 365.597 460.365 413.626 424.621 429.441 416.103 459.883 529.223
 453.547 497.182 448.640 426.770 390.205 216.391 194.899 224.107 267.076 299.162
 309.357 304.020 284.660 427.958 392.972 426.857 429.489 311.309 373.590 469.877
  96.319 154.455  90.163  39.524 496.975 416.310 410.560 372.742 348.373 118.909
 191.119 183.938 156.089 100.904 204.880 152.272 120.045 427.046 426.850 492.713
 408.056 422.805 484.171 428.395 410.898 430.459 420.735 427.552 432.342 356.495
 372.307 354.747 456.702 445.887 476.382 360.748 342.669 347.347 395.395 398.952
 433.186 325.714 376.054 395.537 422.213 396.546 433.151 380.721 380.266 416.049
 429.869 367.682 395.716 400.545 249.295 392.354 526.124 359.060 430.189 473.269
 326.098 378.771 477.562 414.841 342.403 299.644 418.853 242.210 127.659 133.034
 168.521 112.631 406.599 415.150 392.850 358.103 404.500 427.528 424.160 401.466
 451.687 481.878 419.152 448.390 321.993 312.392 436.561 345.040 335.864 420.555
 335.120 370.263 442.108 403.558 338.544 393.183 490.344 427.932 460.321 390.787
 411.990 401.287 401.490 241.530 243.468 275.887 354.643 143.626 201.532 228.061
 531.774 153.660 240.389 107.163 104.020 206.957 142.140 231.389  86.102  84.377
 492.631 436.762 416.755 399.722 347.487 364.968 322.310 356.366 377.000 486.163
 220.049 314.464 403.723 490.322 208.035 116.058  84.745 197.451 154.218 395.120
 390.891 373.146 425.938 353.553 333.264 487.448 500.844 519.044 519.960 518.106
 500.719 580.797 527.846 520.715 223.067 306.999 125.193 188.081 253.310 289.592
 241.534 204.997 160.535 144.522
 2019 1007    0  344    0
 399.858 347.602 410.993 352.713 353.243 340.717 344.714 459.015  64.655 152.366
 146.907 160.841  46.356  83.551 167.625 502.148 420.677 420.692 461.315 412.026
 392.170 401.195 371.852 383.089 251.259 245.144 229.489 157.592 133.315 119.196
  48.476 177.151 171.411 214.821 206.801 146.860 425.407 439.643 417.069 361.610
 340.729 400.064 415.448 453.611 456.170 455.128 480.833 258.240 354.792 376.496
 385.296 346.964 331.558 338.066 354.418 342.140 356.177 229.554 245.971 237.381
 235.220 122.168 155.909 110.322 124.735 151.743 225.789 547.693 553.280 489.158
 451.368 444.482 424.680 417.752 394.844 387.535 461.555 420.420 431.599 399.881
 388.838 385.796 411.400 392.796 372.008 441.854 464.781 529.976 452.258 463.939
 491.724 484.859 506.745 479.968 327.895 416.750 501.258 277.664 395.001 492.663
 229.690 372.604 527.768 391.093 389.297 395.827 392.391 327.091 363.284 359.772
 365.757 398.681 464.679 497.432 484.443 470.616 463.860 502.440 498.228 355.631
 317.174 348.192 318.996 321.471 361.225 359.086 395.456 448.285 437.249 434.368
 450.193 462.639 430.436 408.397 472.758 467.057 422.086 482.853 443.244 418.105
 409.562 431.166 435.943 436.948 484.814 488.512 477.749 501.096 527.247 392.946
 426.845 425.628 370.559 469.570 418.016 427.982 433.677 421.631 463.495 529.089
 454.394 498.728 452.108 428.517 393.269 217.081 195.304 223.960 267.538 299.700
 308.736 303.666 283.910 427.297 393.655 425.982 430.250 310.454 372.866 469.997
  96.045 154.103  89.765  39.315 498.716 418.457 410.754 372.335 348.116 118.462
 190.751 184.170 155.635 100.693 204.762 154.647 119.922 427.176 428.236 495.461
 410.548 426.590 487.439 430.157 412.751 431.445 422.125 430.137 434.685 357.695
 373.597 356.255 456.373 445.049 475.979 360.511 342.997 349.612 395.080 399.437
 434.451 325.877 377.373 396.159 422.195 396.474 432.913 380.757 380.090 415.536
 430.879 367.678 397.403 402.033 249.673 392.963 527.956 358.252 431.613 478.938
 325.365 381.793 481.726 415.603 343.046 299.253 420.356 241.606 127.458 132.647
 168.482 112.452 406.700 415.850 392.895 358.713 404.944 428.203 424.392 401.967
 452.643 482.790 421.389 452.818 323.311 313.435 435.595 345.347 336.237 421.311
 335.741 371.140 442.724 403.542 338.285 392.812 490.115 427.530 460.374 391.852
 414.051 404.801 405.863 242.646 242.277 276.808 355.413 143.294 202.023 229.194
 532.850 154.169 240.456 106.820 103.503 206.688 141.569 230.948  85.859  84.030
 494.293 438.906 419.177 400.621 348.332 367.319 322.125 356.755 378.818 493.129
 221.100 315.451 405.093 496.374 208.983 116.261  84.855 198.061 154.764 396.441
 391.558 375.296 427.672 355.226 333.181 489.251 500.912 519.774 521.317 518.594
 502.440 581.255 529.394 522.177 224.335 306.811 124.938 187.911 253.681 290.231
 241.185 204.632 160.329 144.758
 2019 1008    0  344    0
 404.563 351.401 415.756 354.743 354.952 341.949 346.347 461.422  64.292 151.665
 146.137 159.936  46.088  83.036 166.649 505.690 421.333 423.122 463.577 415.541
 395.119 404.534 377.102 386.779 250.313 244.075 228.584 156.697 132.602 118.479
  48.216 176.843 171.559 214.339 206.576 146.446 428.315 441.686 420.420 361.645
 339.355 401.783 414.472 453.043 455.284 453.089 480.201 256.007 358.337 378.711
 386.420 348.790 332.849 340.637 355.080 342.701 357.407 230.622 246.655 237.411
 235.285 122.018 155.504 110.175 124.789 151.494 225.806 547.387 554.423 489.973
 452.334 445.653 426.292 420.185 398.078 390.128 462.044 420.551 431.762 400.993
 389.848 386.365 413.898 394.964 373.028 443.935 466.978 531.688 454.160 465.799
 492.189 485.982 507.400 479.313 326.895 417.006 501.543 276.811 394.704 491.798
 229.490 372.181 528.530 393.462 393.018 399.039 394.280 330.288 367.211 364.280
 368.470 400.537 468.779 499.157 486.360 473.650 466.395 505.086 501.605 353.814
 315.917 347.335 319.045 321.532 361.359 358.863 395.830 451.379 440.288 437.281
 452.000 464.590 431.912 409.961 476.366 470.624 424.700 484.324 445.231 419.153
 410.147 432.807 436.522 437.510 485.338 489.884 479.004 502.765 528.540 395.612
 434.492 428.421 375.478 478.601 422.361 431.308 437.863 427.091 467.058 528.957
 455.235 500.258 455.540 430.249 396.310 217.769 195.708 223.813 267.998 300.236
 308.117 303.314 283.163 426.638 394.334 425.110 431.007 309.603 372.146 470.115
  95.772 153.751  89.369  39.108 500.438 420.588 410.947 371.931 347.862 118.018
 190.385 184.401 155.183 100.484 204.645 157.010 119.799 427.306 429.612 498.177
 413.018 430.340 490.668 431.905 414.591 432.424 423.506 432.699 437.005 358.887
 374.877 357.752 456.046 444.217 475.579 360.274 343.323 351.866 394.766 399.920
 435.709 326.039 378.685 396.778 422.178 396.402 432.675 380.792 379.915 415.027
 431.881 367.673 399.077 403.511 250.049 393.567 529.764 357.449 433.026 484.524
 324.637 384.791 485.834 416.360 343.687 298.864 421.850 241.005 127.258 132.263
 168.443 112.274 406.801 416.544 392.939 359.319 405.386 428.873 424.622 402.465
 453.592 483.693 423.607 457.191 324.620 314.471 434.637 345.652 336.607 422.061
 336.358 372.013 443.338 403.526 338.028 392.443 489.886 427.131 460.426 392.910
 416.094 408.284 410.195 243.757 241.092 277.724 356.177 142.965 202.512 230.319
 533.909 154.674 240.521 106.479 102.989 206.419 141.001 230.508  85.618  83.683
 495.938 441.032 421.580 401.514 349.171 369.652 321.941 357.142 380.622 499.978
 222.145 316.434 406.453 502.331 209.928 116.462  84.964 198.669 155.308 397.753
 392.221 377.430 429.391 356.887 333.098 491.038 500.979 520.497 522.661 519.077
 504.143 581.706 530.922 523.622 225.599 306.624 124.684 187.743 254.050 290.867
 240.837 204.269 160.123 144.994
 2019 1009    0  344    0
 409.222 355.169 420.467 356.757 356.647 343.171 347.966 463.798  63.930 150.967
 145.370 159.036  45.822  82.524 165.679 509.180 421.985 425.532 465.815 419.024
 398.044 407.844 382.306 390.437 249.372 243.012 227.683 155.806 131.892 117.766
  47.957 176.536 171.706 213.859 206.351 146.034 431.198 443.711 423.742 361.680
 337.988 403.484 413.505 452.483 454.408 451.071 479.578 253.795 361.853 380.908
 387.536 350.601 334.131 343.188 355.736 343.257 358.626 231.685 247.336 237.442
 235.350 121.868 155.100 110.029 124.844 151.247 225.823 547.085 555.551 490.780
 453.292 446.814 427.892 422.598 401.287 392.701 462.529 420.681 431.924 402.099
 390.851 386.931 416.375 397.115 374.041 446.000 469.156 533.380 456.047 467.644
 492.651 487.096 508.049 478.662 325.898 417.261 501.826 275.961 394.408 490.938
 229.290 371.760 529.284 395.812 396.707 402.223 396.154 333.461 371.105 368.750
 371.160 402.377 472.819 500.858 488.250 476.642 468.907 507.700 504.937 352.008
 314.668 346.483 319.093 321.592 361.491 358.641 396.201 454.443 443.299 440.168
 453.792 466.523 433.376 411.514 479.934 474.152 427.292 485.782 447.202 420.195
 410.728 434.437 437.097 438.068 485.860 491.244 480.250 504.419 529.819 398.256
 442.036 431.187 380.352 487.452 426.659 434.597 441.999 432.484 470.571 528.826
 456.069 501.772 458.937 431.968 399.326 218.455 196.110 223.667 268.456 300.770
 307.501 302.962 282.418 425.983 395.010 424.243 431.760 308.756 371.429 470.233
  95.501 153.402  88.975  38.901 502.142 422.703 411.138 371.529 347.608 117.575
 190.021 184.631 154.734 100.275 204.529 159.360 119.677 427.434 430.977 500.861
 415.468 434.056 493.858 433.641 416.419 433.395 424.876 435.236 439.304 360.070
 376.148 359.238 455.722 443.391 475.183 360.039 343.648 354.110 394.453 400.400
 436.959 326.200 379.991 397.395 422.161 396.330 432.440 380.828 379.742 414.521
 432.875 367.669 400.738 404.977 250.423 394.169 531.548 356.649 434.428 490.024
 323.911 387.766 489.885 417.113 344.324 298.477 423.334 240.407 127.059 131.879
 168.405 112.096 406.900 417.233 392.983 359.922 405.825 429.539 424.850 402.959
 454.532 484.587 425.807 461.510 325.919 315.499 433.686 345.955 336.974 422.803
 336.973 372.883 443.947 403.511 337.771 392.075 489.659 426.733 460.478 393.961
 418.120 411.735 414.485 244.862 239.913 278.634 356.935 142.638 202.997 231.437
 534.951 155.176 240.586 106.140 102.477 206.152 140.435 230.070  85.377  83.339
 497.567 443.142 423.965 402.399 350.005 371.968 321.758 357.527 382.414 506.708
 223.185 317.411 407.805 508.192 210.868 116.663  85.074 199.274 155.849 399.055
 392.880 379.548 431.095 358.537 333.015 492.807 501.045 521.213 523.989 519.556
 505.828 582.152 532.432 525.050 226.859 306.437 124.431 187.574 254.418 291.501
 240.490 203.907 159.919 145.228
 2019 1010    0  344    0
 413.834 358.908 425.125 358.755 358.328 344.384 349.573 466.144  63.571 150.272
 144.607 158.141  45.557  82.014 164.715 512.618 422.632 427.920 468.031 422.475
 400.945 411.124 387.464 394.062 248.435 241.954 226.786 154.921 131.186 117.058
  47.700 176.231 171.853 213.381 206.128 145.623 434.056 445.719 427.034 361.715
 336.630 405.169 412.545 451.928 453.544 449.076 478.964 251.604 365.341 383.087
 388.644 352.398 335.404 345.718 356.388 343.808 359.835 232.744 248.015 237.472
 235.414 121.719 154.699 109.883 124.898 151.000 225.841 546.786 556.663 491.581
 454.243 447.966 429.480 424.991 404.469 395.255 463.011 420.810 432.085 403.196
 391.848 387.493 418.832 399.249 375.047 448.049 471.315 535.051 457.919 469.473
 493.110 488.200 508.692 478.015 324.906 417.514 502.107 275.116 394.113 490.084
 229.092 371.341 530.030 398.145 400.364 405.380 398.014 336.612 374.966 373.180
 373.827 404.201 476.798 502.535 490.116 479.593 471.396 510.282 508.225 350.213
 313.426 345.637 319.141 321.652 361.623 358.420 396.570 457.477 446.282 443.029
 455.570 468.439 434.830 413.058 483.459 477.641 429.864 487.225 449.155 421.229
 411.307 436.056 437.668 438.623 486.377 492.592 481.485 506.056 531.084 400.878
 449.473 433.926 385.182 496.119 430.910 437.850 446.084 437.809 474.033 528.696
 456.897 503.270 462.298 433.673 402.317 219.138 196.511 223.521 268.913 301.303
 306.887 302.612 281.677 425.331 395.682 423.380 432.507 307.912 370.715 470.350
  95.230 153.053  88.582  38.695 503.828 424.802 411.328 371.130 347.357 117.135
 189.659 184.860 154.286 100.068 204.413 161.699 119.556 427.562 432.332 503.513
 417.897 437.736 497.009 435.363 418.233 434.359 426.236 437.749 441.581 361.245
 377.409 360.713 455.401 442.572 474.790 359.804 343.972 356.342 394.141 400.878
 438.201 326.360 381.291 398.008 422.144 396.259 432.206 380.863 379.569 414.019
 433.861 367.664 402.387 406.432 250.795 394.766 533.308 355.854 435.818 495.437
 323.190 390.718 493.880 417.860 344.958 298.091 424.808 239.811 126.861 131.497
 168.366 111.918 406.999 417.917 393.026 360.521 406.260 430.199 425.077 403.450
 455.465 485.474 427.989 465.773 327.210 316.521 432.742 346.256 337.339 423.539
 337.586 373.748 444.553 403.495 337.515 391.709 489.434 426.337 460.530 395.004
 420.128 415.155 418.733 245.962 238.740 279.538 357.689 142.313 203.480 232.546
 535.976 155.673 240.651 105.801 101.968 205.885 139.872 229.634  85.137  82.996
 499.179 445.234 426.331 403.278 350.833 374.267 321.576 357.909 384.193 513.314
 224.221 318.384 409.149 513.955 211.805 116.863  85.183 199.876 156.388 400.347
 393.534 381.651 432.785 360.175 332.933 494.560 501.111 521.922 525.304 520.030
 507.495 582.591 533.924 526.462 228.116 306.251 124.178 187.407 254.784 292.133
 240.145 203.546 159.714 145.462
 2019 1011    0  344    0
 418.398 362.615 429.730 360.738 359.997 345.587 351.166 468.460  63.213 149.580
 143.848 157.251  45.294  81.508 163.756 516.005 423.274 430.288 470.224 425.893
 403.822 414.375 392.574 397.655 247.504 240.901 225.892 154.041 130.484 116.354
  47.444 175.926 172.000 212.905 205.905 145.214 436.888 447.709 430.295 361.750
 335.280 406.837 411.595 451.380 452.689 447.101 478.358 249.433 368.800 385.248
 389.742 354.181 336.667 348.228 357.034 344.356 361.034 233.799 248.690 237.503
 235.479 121.570 154.299 109.738 124.952 150.755 225.858 546.489 557.760 492.374
 455.186 449.108 431.055 427.364 407.625 397.789 463.489 420.938 432.244 404.286
 392.837 388.052 421.267 401.367 376.047 450.082 473.456 536.702 459.777 471.286
 493.564 489.294 509.329 477.372 323.918 417.765 502.385 274.273 393.820 489.236
 228.894 370.924 530.767 400.459 403.989 408.510 399.860 339.740 378.794 377.571
 376.472 406.008 480.717 504.189 491.956 482.501 473.861 512.832 511.469 348.428
 312.191 344.795 319.188 321.711 361.754 358.201 396.936 460.480 449.238 445.862
 457.334 470.337 436.274 414.591 486.943 481.090 432.415 488.655 451.092 422.255
 411.883 437.665 438.237 439.175 486.890 493.928 482.710 507.677 532.335 403.478
 456.800 436.639 389.966 504.596 435.114 441.067 450.119 443.065 477.445 528.567
 457.718 504.753 465.623 435.364 405.285 219.818 196.910 223.376 269.368 301.833
 306.275 302.263 280.938 424.682 396.351 422.522 433.250 307.072 370.004 470.466
  94.961 152.706  88.191  38.491 505.496 426.885 411.516 370.733 347.106 116.696
 189.298 185.087 153.841  99.861 204.297 164.026 119.435 427.689 433.677 506.131
 420.305 441.382 500.120 437.072 420.035 435.316 427.586 440.238 443.836 362.412
 378.661 362.177 455.082 441.760 474.401 359.571 344.294 358.564 393.831 401.354
 439.436 326.520 382.584 398.618 422.127 396.188 431.974 380.898 379.397 413.519
 434.839 367.660 404.023 407.877 251.165 395.360 535.045 355.063 437.198 500.763
 322.473 393.647 497.818 418.603 345.589 297.708 426.272 239.218 126.664 131.117
 168.328 111.742 407.098 418.597 393.070 361.116 406.693 430.855 425.302 403.938
 456.389 486.352 430.152 469.980 328.492 317.535 431.805 346.554 337.701 424.268
 338.196 374.609 445.156 403.480 337.261 391.345 489.210 425.943 460.582 396.039
 422.119 418.544 422.940 247.056 237.573 280.437 358.437 141.990 203.960 233.648
 536.984 156.167 240.715 105.464 101.461 205.620 139.310 229.200  84.898  82.654
 500.775 447.309 428.678 404.151 351.656 376.548 321.395 358.289 385.958 519.797
 225.251 319.352 410.484 519.618 212.738 117.062  85.291 200.477 156.926 401.630
 394.183 383.738 434.460 361.803 332.852 496.296 501.176 522.624 526.604 520.500
 509.144 583.024 535.398 527.857 229.368 306.066 123.927 187.240 255.150 292.762
 239.801 203.186 159.511 145.695
 2019 1012    0  344    0
 422.914 366.292 434.281 362.706 361.652 346.782 352.747 470.745  62.858 148.892
 143.093 156.366  45.032  81.005 162.803 519.340 423.911 432.635 472.394 429.279
 406.675 417.596 397.637 401.216 246.578 239.853 225.003 153.166 129.785 115.654
  47.190 175.623 172.146 212.431 205.683 144.807 439.696 449.681 433.525 361.784
 333.938 408.489 410.652 450.838 451.845 445.148 477.761 247.283 372.230 387.393
 390.833 355.951 337.921 350.717 357.675 344.899 362.222 234.850 249.362 237.533
 235.543 121.422 153.900 109.594 125.006 150.510 225.875 546.196 558.841 493.161
 456.121 450.242 432.618 429.718 410.756 400.304 463.963 421.066 432.403 405.368
 393.820 388.606 423.682 403.467 377.040 452.100 475.577 538.332 461.620 473.085
 494.015 490.380 509.961 476.733 322.934 418.016 502.661 273.435 393.529 488.393
 228.697 370.510 531.497 402.755 407.581 411.612 401.691 342.845 382.589 381.923
 379.094 407.800 484.575 505.819 493.771 485.367 476.303 515.349 514.667 346.654
 310.964 343.959 319.235 321.771 361.885 357.983 397.299 463.453 452.164 448.668
 459.085 472.219 437.707 416.113 490.386 484.501 434.945 490.070 453.012 423.275
 412.455 439.263 438.801 439.723 487.400 495.253 483.926 509.282 533.571 406.056
 464.014 439.325 394.705 512.877 439.272 444.248 454.103 448.251 480.807 528.440
 458.534 506.219 468.912 437.041 408.228 220.496 197.307 223.231 269.822 302.361
 305.665 301.916 280.203 424.036 397.016 421.667 433.988 306.235 369.297 470.582
  94.692 152.360  87.802  38.287 507.147 428.952 411.704 370.339 346.858 116.260
 188.939 185.314 153.398  99.656 204.182 166.341 119.315 427.815 435.011 508.718
 422.692 444.992 503.193 438.768 421.824 436.266 428.927 442.702 446.070 363.570
 379.905 363.631 454.766 440.953 474.016 359.338 344.615 360.775 393.522 401.828
 440.664 326.680 383.872 399.225 422.110 396.118 431.743 380.933 379.227 413.023
 435.809 367.656 405.647 409.310 251.534 395.950 536.757 354.275 438.567 506.001
 321.760 396.553 501.698 419.341 346.216 297.326 427.727 238.627 126.468 130.738
 168.290 111.566 407.196 419.271 393.113 361.707 407.124 431.507 425.526 404.423
 457.306 487.221 432.298 474.131 329.766 318.543 430.876 346.851 338.061 424.990
 338.803 375.466 445.755 403.465 337.007 390.982 488.987 425.551 460.633 397.067
 424.094 421.900 427.104 248.144 236.412 281.330 359.179 141.669 204.437 234.742
 537.975 156.657 240.779 105.129 100.957 205.355 138.751 228.767  84.661  82.314
 502.354 449.366 431.007 405.016 352.473 378.813 321.216 358.667 387.710 526.152
 226.276 320.315 411.811 525.181 213.667 117.261  85.399 201.074 157.461 402.904
 394.828 385.809 436.120 363.419 332.770 498.015 501.241 523.319 527.889 520.966
 510.776 583.451 536.853 529.236 230.616 305.881 123.676 187.073 255.514 293.389
 239.458 202.828 159.308 145.927
 2019 1013    0  344    0
 427.382 369.939 438.779 364.659 363.295 347.968 354.314 473.000  62.504 148.207
 142.342 155.486  44.772  80.506 161.855 522.624 424.544 434.960 474.542 432.632
 409.503 420.788 402.651 404.744 245.657 238.811 224.118 152.295 129.091 114.959
  46.937 175.322 172.291 211.959 205.463 144.402 442.478 451.636 436.725 361.818
 332.604 410.124 409.718 450.302 451.011 443.215 477.171 245.153 375.632 389.519
 391.915 357.707 339.165 353.185 358.311 345.438 363.401 235.897 250.032 237.563
 235.606 121.274 153.503 109.450 125.059 150.266 225.892 545.905 559.907 493.940
 457.049 451.367 434.169 432.051 413.859 402.799 464.433 421.193 432.560 406.443
 394.797 389.157 426.076 405.552 378.026 454.103 477.679 539.942 463.447 474.867
 494.462 491.456 510.587 476.098 321.954 418.264 502.935 272.600 393.239 487.556
 228.501 370.097 532.218 405.033 411.142 414.687 403.508 345.927 386.351 386.235
 381.695 409.575 488.373 507.427 495.561 488.191 478.722 517.835 517.821 344.890
 309.744 343.128 319.282 321.829 362.014 357.766 397.661 466.395 455.063 451.447
 460.821 474.083 439.129 417.626 493.786 487.872 437.453 491.471 454.915 424.287
 413.025 440.850 439.362 440.268 487.906 496.566 485.131 510.870 534.794 408.611
 471.114 441.985 399.399 520.959 443.381 447.393 458.036 453.367 484.119 528.313
 459.343 507.670 472.164 438.705 411.147 221.172 197.704 223.087 270.273 302.887
 305.058 301.570 279.470 423.393 397.677 420.816 434.721 305.401 368.593 470.697
  94.425 152.016  87.415  38.085 508.779 431.003 411.890 369.947 346.611 115.825
 188.582 185.540 152.957  99.451 204.068 168.644 119.195 427.940 436.335 511.272
 425.059 448.567 506.225 440.451 423.600 437.209 430.257 445.143 448.282 364.721
 381.139 365.074 454.453 440.153 473.633 359.106 344.935 362.974 393.214 402.299
 441.884 326.839 385.153 399.829 422.094 396.048 431.514 380.968 379.057 412.530
 436.772 367.651 407.258 410.733 251.901 396.537 538.446 353.492 439.924 511.149
 321.050 399.436 505.521 420.075 346.841 296.945 429.172 238.039 126.272 130.361
 168.252 111.391 407.293 419.941 393.156 362.295 407.551 432.153 425.748 404.904
 458.215 488.083 434.425 478.225 331.031 319.543 429.954 347.145 338.418 425.706
 339.408 376.319 446.350 403.449 336.755 390.621 488.766 425.161 460.684 398.087
 426.051 425.225 431.226 249.227 235.258 282.218 359.917 141.350 204.911 235.828
 538.950 157.143 240.842 104.794 100.455 205.092 138.195 228.335  84.424  81.975
 503.917 451.406 433.316 405.875 353.285 381.061 321.037 359.042 389.449 532.378
 227.297 321.273 413.129 530.642 214.592 117.458  85.506 201.670 157.993 404.168
 395.469 387.864 437.766 365.024 332.690 499.717 501.306 524.007 529.161 521.427
 512.389 583.872 538.290 530.599 231.861 305.697 123.427 186.907 255.877 294.014
 239.117 202.472 159.106 146.158
 2019 1014    0  344    0
 431.801 373.555 443.223 366.596 364.924 349.144 355.869 475.226  62.153 147.525
 141.595 154.611  44.513  80.009 160.913 525.855 425.172 437.265 476.667 435.952
 412.307 423.951 407.617 408.239 244.740 237.774 223.237 151.430 128.400 114.268
  46.685 175.021 172.436 211.489 205.243 143.998 445.235 453.573 439.895 361.852
 331.278 411.743 408.792 449.771 450.187 441.303 476.590 243.042 379.005 391.629
 392.988 359.449 340.401 355.634 358.942 345.972 364.569 236.939 250.698 237.593
 235.670 121.127 153.108 109.306 125.113 150.023 225.909 545.617 560.957 494.713
 457.970 452.482 435.708 434.365 416.937 405.275 464.900 421.318 432.717 407.511
 395.767 389.705 428.449 407.619 379.006 456.089 479.762 541.532 465.260 476.634
 494.906 492.523 511.207 475.467 320.979 418.512 503.206 271.769 392.950 486.724
 228.306 369.687 532.932 407.292 414.669 417.734 405.310 348.986 390.079 390.507
 384.272 411.334 492.110 509.012 497.327 490.974 481.117 520.288 520.930 343.136
 308.532 342.301 319.329 321.888 362.143 357.550 398.020 469.307 457.933 454.200
 462.543 475.930 440.541 419.128 497.144 491.203 439.941 492.858 456.801 425.292
 413.592 442.426 439.920 440.810 488.408 497.867 486.327 512.443 536.003 411.144
 478.097 444.617 404.046 528.837 447.443 450.501 461.917 458.412 487.381 528.187
 460.146 509.106 475.380 440.355 414.041 221.844 198.099 222.943 270.724 303.412
 304.453 301.225 278.740 422.753 398.335 419.970 435.450 304.571 367.892 470.811
  94.159 151.673  87.029  37.884 510.393 433.038 412.075 369.558 346.365 115.393
 188.226 185.764 152.518  99.248 203.954 170.936 119.076 428.064 437.649 513.793
 427.405 452.105 509.218 442.121 425.364 438.145 431.577 447.559 450.472 365.863
 382.364 366.506 454.143 439.359 473.254 358.875 345.253 365.163 392.907 402.768
 443.096 326.997 386.427 400.430 422.077 395.978 431.286 381.002 378.889 412.041
 437.727 367.647 408.857 412.144 252.266 397.120 540.112 352.713 441.271 516.206
 320.344 402.295 509.286 420.803 347.462 296.567 430.607 237.454 126.078 129.985
 168.214 111.216 407.389 420.606 393.198 362.879 407.975 432.795 425.969 405.382
 459.116 488.936 436.534 482.263 332.287 320.537 429.038 347.437 338.772 426.415
 340.010 377.168 446.942 403.434 336.503 390.262 488.546 424.773 460.735 399.100
 427.991 428.518 435.305 250.305 234.109 283.101 360.649 141.033 205.382 236.907
 539.909 157.626 240.904 104.461  99.956 204.830 137.640 227.905  84.188  81.638
 505.463 453.430 435.607 406.727 354.092 383.291 320.859 359.415 391.176 538.472
 228.312 322.226 414.439 535.999 215.514 117.655  85.613 202.262 158.524 405.423
 396.105 389.904 439.398 366.618 332.610 501.402 501.370 524.689 530.419 521.884
 513.985 584.288 539.709 531.945 233.102 305.513 123.178 186.742 256.239 294.636
 238.777 202.117 158.905 146.388
 2019 1015    0  344    0
 436.171 377.140 447.611 368.518 366.540 350.312 357.411 477.421  61.803 146.846
 140.852 153.741  44.256  79.515 159.977 529.035 425.796 439.549 478.770 439.240
 415.087 427.083 412.534 411.702 243.829 236.742 222.359 150.570 127.712 113.580
  46.434 174.722 172.580 211.021 205.023 143.596 447.966 455.493 443.033 361.886
 329.960 413.346 407.874 449.247 449.372 439.412 476.017 240.952 382.349 393.720
 394.054 361.177 341.627 358.062 359.568 346.503 365.728 237.978 251.361 237.623
 235.733 120.981 152.714 109.163 125.166 149.781 225.926 545.332 561.993 495.478
 458.883 453.589 437.235 436.659 419.988 407.731 465.363 421.443 432.872 408.570
 396.730 390.249 430.802 409.670 379.979 458.060 481.826 543.102 467.059 478.386
 495.346 493.580 511.822 474.840 320.008 418.758 503.476 270.942 392.663 485.898
 228.112 369.279 533.637 409.533 418.165 420.753 407.099 352.022 393.774 394.739
 386.828 413.078 495.785 510.574 499.067 493.716 483.488 522.709 523.994 341.392
 307.326 341.480 319.375 321.946 362.270 357.335 398.376 472.187 460.775 456.925
 464.251 477.760 441.942 420.619 500.460 494.494 442.409 494.232 458.670 426.290
 414.156 443.992 440.474 441.349 488.906 499.156 487.512 513.999 537.199 413.656
 484.960 447.223 408.646 536.507 451.457 453.574 465.747 463.386 490.592 528.063
 460.942 510.525 478.560 441.991 416.911 222.515 198.492 222.800 271.172 303.934
 303.850 300.881 278.012 422.116 398.989 419.127 436.174 303.744 367.194 470.924
  93.894 151.331  86.645  37.683 511.990 435.056 412.259 369.171 346.121 114.962
 187.872 185.988 152.082  99.046 203.841 173.215 118.958 428.188 438.953 516.282
 429.730 455.608 512.172 443.779 427.115 439.074 432.887 449.952 452.640 366.997
 383.579 367.928 453.835 438.571 472.879 358.645 345.570 367.341 392.602 403.235
 444.301 327.154 387.696 401.029 422.061 395.909 431.060 381.036 378.721 411.554
 438.674 367.643 410.443 413.545 252.630 397.700 541.755 351.938 442.607 521.172
 319.642 405.131 512.992 421.527 348.080 296.190 432.032 236.871 125.884 129.611
 168.177 111.042 407.485 421.266 393.240 363.459 408.397 433.433 426.189 405.857
 460.010 489.782 438.625 486.243 333.534 321.524 428.130 347.727 339.124 427.118
 340.610 378.013 447.530 403.419 336.252 389.904 488.328 424.386 460.785 400.105
 429.914 431.779 439.340 251.377 232.966 283.978 361.376 140.717 205.851 237.979
 540.852 158.105 240.967 104.129  99.460 204.568 137.088 227.477  83.953  81.302
 506.993 455.435 437.880 407.573 354.893 385.505 320.683 359.786 392.889 544.435
 229.323 323.174 415.740 541.252 216.431 117.851  85.720 202.853 159.053 406.668
 396.736 391.928 441.015 368.201 332.530 503.071 501.433 525.364 531.662 522.337
 515.563 584.697 541.111 533.275 234.338 305.330 122.930 186.577 256.599 295.256
 238.438 201.763 158.704 146.617
 2019 1016    0  344    0
 440.492 380.694 451.945 370.425 368.143 351.471 358.940 479.587  61.456 146.170
 140.113 152.876  44.000  79.024 159.046 532.163 426.415 441.812 480.850 442.495
 417.842 430.186 417.400 415.131 242.922 235.715 221.486 149.714 127.029 112.897
  46.185 174.424 172.723 210.554 204.805 143.195 450.672 457.396 446.141 361.919
 328.649 414.933 406.964 448.728 448.568 437.540 475.451 238.881 385.665 395.795
 395.111 362.892 342.844 360.470 360.189 347.029 366.876 239.012 252.022 237.653
 235.796 120.835 152.322 109.021 125.219 149.540 225.943 545.050 563.014 496.237
 459.789 454.686 438.750 438.933 423.013 410.169 465.823 421.568 433.026 409.623
 397.687 390.789 433.133 411.705 380.946 460.015 483.871 544.652 468.842 480.122
 495.783 494.629 512.431 474.217 319.041 419.002 503.743 270.118 392.378 485.077
 227.919 368.873 534.335 411.756 421.627 423.744 408.873 355.036 397.435 398.931
 389.361 414.805 499.401 512.114 500.784 496.415 485.836 525.098 527.013 339.659
 306.128 340.664 319.421 322.004 362.397 357.122 398.730 475.037 463.588 459.623
 465.945 479.573 443.333 422.101 503.733 497.745 444.854 495.592 460.522 427.280
 414.716 445.547 441.025 441.885 489.401 500.434 488.688 515.540 538.380 416.145
 491.701 449.802 413.200 543.966 455.422 456.610 469.525 468.287 493.754 527.940
 461.733 511.930 481.703 443.613 419.756 223.183 198.884 222.657 271.619 304.455
 303.250 300.539 277.288 421.482 399.639 418.289 436.893 302.921 366.500 471.036
  93.630 150.991  86.263  37.484 513.569 437.059 412.441 368.786 345.879 114.534
 187.520 186.210 151.647  98.844 203.728 175.484 118.841 428.310 440.247 518.739
 432.034 459.075 515.085 445.423 428.853 439.996 434.188 452.320 454.786 368.124
 384.786 369.339 453.530 437.789 472.506 358.416 345.886 369.507 392.298 403.699
 445.499 327.311 388.958 401.624 422.044 395.841 430.836 381.070 378.555 411.071
 439.613 367.638 412.017 414.935 252.992 398.276 543.374 351.167 443.932 526.047
 318.944 407.944 516.641 422.247 348.694 295.815 433.448 236.290 125.691 129.239
 168.139 110.869 407.581 421.921 393.282 364.036 408.816 434.066 426.406 406.328
 460.896 490.619 440.697 490.166 334.773 322.504 427.229 348.015 339.474 427.814
 341.207 378.854 448.115 403.404 336.003 389.548 488.111 424.002 460.835 401.103
 431.819 435.008 443.333 252.444 231.828 284.850 362.097 140.404 206.317 239.043
 541.779 158.580 241.028 103.799  98.965 204.308 136.538 227.050  83.719  80.968
 508.507 457.424 440.133 408.411 355.688 387.701 320.507 360.154 394.589 550.262
 230.329 324.118 417.034 546.398 217.345 118.046  85.826 203.441 159.579 407.904
 397.363 393.937 442.618 369.774 332.451 504.723 501.496 526.032 532.892 522.785
 517.123 585.101 542.495 534.589 235.571 305.147 122.682 186.412 256.958 295.874
 238.100 201.410 158.504 146.846
 2019 1017    0  344    0
 444.763 384.217 456.224 372.317 369.734 352.621 360.457 481.723  61.110 145.497
 139.378 152.016  43.746  78.537 158.120 535.240 427.029 444.054 482.907 445.716
 420.573 433.259 422.217 418.528 242.020 234.694 220.616 148.864 126.349 112.219
  45.938 174.128 172.866 210.090 204.588 142.796 453.352 459.281 449.217 361.952
 327.347 416.503 406.062 448.215 447.772 435.687 474.894 236.830 388.951 397.852
 396.160 364.594 344.052 362.858 360.804 347.551 368.015 240.042 252.679 237.682
 235.859 120.690 151.931 108.879 125.272 149.299 225.960 544.770 564.020 496.989
 460.688 455.775 440.253 441.187 426.011 412.586 466.278 421.691 433.179 410.668
 398.637 391.326 435.444 413.723 381.906 461.954 485.897 546.182 470.611 481.843
 496.216 495.668 513.035 473.598 318.078 419.245 504.007 269.297 392.094 484.261
 227.726 368.469 535.025 413.961 425.057 426.708 410.633 358.026 401.062 403.082
 391.872 416.517 502.955 513.631 502.476 499.074 488.161 527.455 529.987 337.936
 304.937 339.852 319.467 322.061 362.524 356.910 399.082 477.856 466.373 462.294
 467.625 481.368 444.713 423.572 506.964 500.956 447.279 496.937 462.358 428.264
 415.274 447.091 441.573 442.417 489.891 501.700 489.854 517.064 539.548 418.612
 498.318 452.355 417.706 551.210 459.339 459.610 473.252 473.115 496.865 527.818
 462.517 513.319 484.810 445.222 422.576 223.848 199.275 222.515 272.064 304.973
 302.652 300.198 276.566 420.851 400.286 417.454 437.607 302.101 365.808 471.148
  93.367 150.652  85.882  37.286 515.130 439.046 412.622 368.404 345.638 114.107
 187.169 186.432 151.215  98.644 203.616 177.740 118.724 428.432 441.531 521.163
 434.317 462.506 517.959 447.054 430.578 440.910 435.478 454.664 456.911 369.242
 385.984 370.739 453.228 437.013 472.137 358.188 346.201 371.663 391.995 404.162
 446.689 327.467 390.215 402.217 422.028 395.773 430.613 381.104 378.389 410.591
 440.545 367.634 413.579 416.315 253.352 398.849 544.970 350.399 445.246 530.828
 318.249 410.733 520.231 422.961 349.306 295.442 434.854 235.712 125.498 128.867
 168.102 110.696 407.675 422.571 393.324 364.609 409.233 434.694 426.623 406.797
 461.774 491.448 442.752 494.032 336.003 323.477 426.334 348.301 339.820 428.504
 341.802 379.691 448.697 403.389 335.754 389.193 487.895 423.619 460.885 402.094
 433.708 438.204 447.281 253.505 230.697 285.716 362.814 140.092 206.780 240.099
 542.691 159.052 241.089 103.470  98.474 204.049 135.991 226.625  83.486  80.635
 510.004 459.395 442.368 409.244 356.479 389.881 320.332 360.520 396.277 555.954
 231.330 325.057 418.318 551.439 218.255 118.241  85.932 204.027 160.103 409.131
 397.986 395.930 444.206 371.335 332.372 506.358 501.559 526.693 534.108 523.230
 518.666 585.499 543.861 535.887 236.800 304.965 122.436 186.248 257.316 296.489
 237.763 201.059 158.305 147.073
 2019 1018    0  344    0
 448.984 387.709 460.447 374.194 371.312 353.762 361.961 483.830  60.766 144.828
 138.646 151.160  43.493  78.052 157.200 538.264 427.639 446.275 484.942 448.904
 423.280 436.303 426.983 421.891 241.122 233.677 219.750 148.018 125.673 111.544
  45.691 173.832 173.008 209.628 204.372 142.399 456.007 461.148 452.263 361.985
 326.052 418.058 405.168 447.708 446.987 433.855 474.344 234.798 392.209 399.892
 397.200 366.282 345.251 365.226 361.415 348.069 369.144 241.068 253.334 237.712
 235.922 120.545 151.542 108.738 125.324 149.060 225.977 544.493 565.011 497.734
 461.579 456.855 441.743 443.422 428.982 414.984 466.730 421.813 433.331 411.705
 399.580 391.859 437.734 415.725 382.859 463.877 487.904 547.692 472.366 483.549
 496.646 496.699 513.633 472.982 317.119 419.487 504.270 268.480 391.811 483.451
 227.535 368.067 535.707 416.148 428.454 429.644 412.379 360.994 404.655 407.192
 394.361 418.213 506.448 515.126 504.145 501.691 490.462 529.780 532.915 336.223
 303.753 339.046 319.513 322.118 362.649 356.700 399.431 480.644 469.129 464.938
 469.291 483.147 446.083 425.033 510.152 504.127 449.683 498.270 464.177 429.240
 415.829 448.624 442.117 442.946 490.379 502.954 491.010 518.573 540.703 421.057
 504.808 454.881 422.165 558.238 463.207 462.574 476.926 477.869 499.927 527.697
 463.296 514.693 487.879 446.818 425.372 224.511 199.664 222.373 272.508 305.490
 302.056 299.858 275.847 420.223 400.930 416.624 438.318 301.285 365.120 471.259
  93.105 150.315  85.503  37.089 516.674 441.017 412.802 368.024 345.398 113.682
 186.821 186.652 150.784  98.444 203.505 179.985 118.607 428.553 442.805 523.555
 436.580 465.900 520.794 448.672 432.291 441.818 436.759 456.984 459.015 370.352
 387.173 372.130 452.928 436.244 471.771 357.961 346.514 373.807 391.694 404.622
 447.871 327.623 391.465 402.806 422.012 395.705 430.392 381.137 378.225 410.114
 441.469 367.630 415.129 417.684 253.710 399.418 546.544 349.636 446.549 535.516
 317.558 413.499 523.763 423.671 349.914 295.071 436.250 235.137 125.307 128.498
 168.065 110.525 407.770 423.217 393.365 365.179 409.646 435.317 426.838 407.262
 462.645 492.270 444.788 497.839 337.225 324.444 425.446 348.585 340.165 429.188
 342.394 380.524 449.275 403.374 335.506 388.840 487.681 423.238 460.934 403.077
 435.580 441.369 451.185 254.562 229.572 286.577 363.526 139.783 207.241 241.148
 543.587 159.520 241.150 103.142  97.985 203.791 135.446 226.201  83.253  80.303
 511.486 461.349 444.585 410.070 357.264 392.044 320.159 360.884 397.951 561.509
 232.326 325.991 419.595 556.372 219.161 118.435  86.037 204.610 160.625 410.349
 398.605 397.908 445.780 372.885 332.293 507.977 501.621 527.348 535.310 523.670
 520.192 585.891 545.209 537.169 238.026 304.784 122.190 186.085 257.673 297.103
 237.428 200.710 158.107 147.300
 2019 1019    0  344    0
 453.155 391.170 464.614 376.056 372.877 354.895 363.453 485.908  60.425 144.161
 137.919 150.310  43.242  77.571 156.285 541.237 428.245 448.475 486.955 452.059
 425.962 439.316 431.697 425.222 240.230 232.665 218.888 147.177 125.000 110.873
  45.446 173.538 173.150 209.167 204.156 142.003 458.637 462.999 455.277 362.018
 324.765 419.596 404.281 447.206 446.210 432.041 473.801 232.785 395.438 401.915
 398.233 367.956 346.442 367.574 362.021 348.583 370.263 242.090 253.986 237.741
 235.984 120.401 151.154 108.597 125.377 148.821 225.993 544.219 565.989 498.473
 462.463 457.926 443.222 445.636 431.927 417.363 467.179 421.935 433.482 412.735
 400.518 392.388 440.003 417.710 383.807 465.785 489.892 549.182 474.105 485.239
 497.072 497.720 514.226 472.370 316.165 419.727 504.530 267.667 391.530 482.646
 227.344 367.667 536.381 418.316 431.817 432.552 414.111 363.939 408.214 411.261
 396.828 419.893 509.881 516.600 505.789 504.268 492.740 532.074 535.799 334.520
 302.576 338.244 319.558 322.174 362.774 356.490 399.778 483.402 471.856 467.555
 470.944 484.909 447.443 426.484 513.297 507.257 452.066 499.588 465.979 430.210
 416.381 450.146 442.658 443.473 490.862 504.197 492.157 520.065 541.844 423.480
 511.170 457.380 426.576 565.048 467.026 465.501 480.548 482.550 502.939 527.576
 464.068 516.052 490.912 448.400 428.144 225.171 200.052 222.231 272.950 306.005
 301.462 299.520 275.131 419.598 401.570 415.797 439.023 300.472 364.435 471.369
  92.844 149.978  85.126  36.893 518.200 442.972 412.981 367.646 345.160 113.260
 186.473 186.871 150.356  98.246 203.394 182.219 118.491 428.673 444.068 525.915
 438.822 469.257 523.588 450.278 433.991 442.719 438.030 459.280 461.097 371.454
 388.353 373.509 452.630 435.480 471.408 357.734 346.826 375.941 391.394 405.080
 449.047 327.778 392.708 403.393 421.996 395.638 430.172 381.171 378.062 409.640
 442.386 367.626 416.666 419.042 254.067 399.984 548.095 348.877 447.842 540.111
 316.871 416.242 527.237 424.377 350.520 294.701 437.637 234.564 125.116 128.129
 168.028 110.353 407.863 423.858 393.406 365.744 410.057 435.936 427.051 407.724
 463.508 493.083 446.807 501.588 338.438 325.404 424.565 348.867 340.507 429.865
 342.983 381.354 449.850 403.359 335.260 388.488 487.468 422.859 460.984 404.053
 437.435 444.500 455.045 255.612 228.452 287.433 364.232 139.475 207.698 242.190
 544.469 159.985 241.210 102.815  97.498 203.533 134.902 225.779  83.022  79.973
 512.952 463.286 446.782 410.889 358.044 394.190 319.986 361.246 399.613 566.926
 233.318 326.921 420.863 561.198 220.064 118.627  86.142 205.191 161.145 411.558
 399.219 399.870 447.340 374.424 332.215 509.579 501.682 527.997 536.498 524.106
 521.700 586.278 546.541 538.436 239.247 304.603 121.946 185.923 258.028 297.713
 237.094 200.361 157.909 147.526
 2019 1020    0  344    0
 457.274 394.600 468.724 377.903 374.429 356.018 364.932 487.957  60.085 143.498
 137.195 149.464  42.992  77.092 155.375 544.159 428.846 450.654 488.945 455.181
 428.621 442.299 436.360 428.519 239.342 231.659 218.030 146.341 124.331 110.206
  45.203 173.245 173.291 208.709 203.941 141.609 461.240 464.832 458.260 362.051
 323.485 421.119 403.402 446.710 445.443 430.246 473.266 230.792 398.638 403.921
 399.257 369.617 347.623 369.901 362.623 349.093 371.373 243.108 254.634 237.771
 236.046 120.257 150.768 108.457 125.429 148.584 226.010 543.947 566.951 499.204
 463.340 458.988 444.689 447.831 434.845 419.722 467.624 422.056 433.632 413.758
 401.448 392.914 442.251 419.678 384.748 467.677 491.861 550.653 475.830 486.914
 497.494 498.732 514.814 471.762 315.214 419.966 504.789 266.857 391.251 481.846
 227.154 367.269 537.048 420.467 435.147 435.432 415.829 366.861 411.740 415.289
 399.273 421.557 513.253 518.051 507.410 506.804 494.994 534.335 538.638 332.827
 301.406 337.447 319.603 322.231 362.897 356.282 400.123 486.128 474.555 470.144
 472.582 486.653 448.792 427.925 516.400 510.346 454.428 500.893 467.765 431.172
 416.930 451.658 443.195 443.996 491.342 505.428 493.294 521.542 542.971 425.881
 517.401 459.853 430.938 571.637 470.796 468.393 484.118 487.156 505.902 527.457
 464.834 517.395 493.907 449.968 430.890 225.829 200.438 222.090 273.390 306.518
 300.871 299.183 274.417 418.975 402.206 414.975 439.724 299.662 363.753 471.478
  92.585 149.643  84.751  36.698 519.709 444.910 413.159 367.271 344.924 112.839
 186.128 187.090 149.930  98.048 203.283 184.441 118.376 428.793 445.322 528.242
 441.043 472.577 526.343 451.871 435.679 443.614 439.291 461.552 463.157 372.548
 389.524 374.879 452.335 434.721 471.049 357.509 347.136 378.063 391.095 405.536
 450.214 327.932 393.946 403.976 421.980 395.571 429.954 381.204 377.900 409.169
 443.295 367.621 418.191 420.389 254.422 400.546 549.624 348.121 449.124 544.611
 316.188 418.961 530.651 425.078 351.122 294.333 439.014 233.994 124.927 127.762
 167.991 110.183 407.956 424.494 393.447 366.307 410.465 436.551 427.263 408.183
 464.364 493.889 448.807 505.280 339.643 326.357 423.691 349.147 340.846 430.536
 343.570 382.179 450.421 403.345 335.014 388.138 487.256 422.481 461.033 405.022
 439.274 447.600 458.861 256.658 227.338 288.283 364.933 139.169 208.154 243.224
 545.335 160.446 241.270 102.490  97.013 203.277 134.362 225.359  82.792  79.645
 514.401 465.206 448.961 411.702 358.818 396.319 319.815 361.605 401.262 572.205
 234.304 327.845 422.123 565.914 220.963 118.820  86.246 205.770 161.663 412.757
 399.829 401.817 448.886 375.953 332.138 511.165 501.743 528.639 537.673 524.538
 523.190 586.659 547.855 539.687 240.464 304.423 121.702 185.760 258.383 298.322
 236.762 200.014 157.712 147.751
 2019 1021    0  344    0
 461.343 397.999 472.778 379.735 375.969 357.134 366.399 489.977  59.747 142.838
 136.475 148.623  42.743  76.616 154.471 547.029 429.443 452.813 490.913 458.269
 431.254 445.253 440.971 431.782 238.459 230.658 217.176 145.510 123.665 109.543
  44.960 172.954 173.432 208.252 203.728 141.216 463.819 466.648 461.212 362.083
 322.213 422.626 402.531 446.219 444.685 428.470 472.738 228.816 401.809 405.909
 400.274 371.266 348.796 372.209 363.219 349.599 372.473 244.122 255.280 237.800
 236.108 120.114 150.383 108.318 125.481 148.347 226.027 543.678 567.900 499.930
 464.210 460.042 446.144 450.006 437.736 422.062 468.065 422.176 433.781 414.774
 402.373 393.437 444.479 421.631 385.682 469.554 493.811 552.105 477.540 488.574
 497.914 499.735 515.396 471.157 314.268 420.204 505.045 266.051 390.973 481.051
 226.965 366.873 537.707 422.599 438.444 438.284 417.533 369.760 415.231 419.275
 401.696 423.207 516.564 519.481 509.007 509.299 497.224 536.565 541.432 331.143
 300.242 336.655 319.647 322.287 363.020 356.075 400.465 488.823 477.225 472.706
 474.207 488.381 450.131 429.356 519.459 513.395 456.768 502.185 469.534 432.128
 417.476 453.160 443.729 444.515 491.819 506.649 494.421 523.003 544.086 428.260
 523.500 462.299 435.252 578.006 474.516 471.248 487.636 491.687 508.815 527.339
 465.594 518.724 496.866 451.524 433.612 226.485 200.823 221.950 273.829 307.029
 300.282 298.847 273.706 418.356 402.839 414.156 440.420 298.856 363.075 471.587
  92.326 149.310  84.377  36.504 521.201 446.833 413.336 366.898 344.689 112.420
 185.784 187.307 149.506  97.852 203.173 186.652 118.262 428.911 446.566 530.538
 443.244 475.861 529.058 453.451 437.353 444.501 440.543 463.801 465.196 373.635
 390.687 376.238 452.043 433.969 470.693 357.284 347.446 380.175 390.797 405.989
 451.375 328.086 395.178 404.557 421.965 395.505 429.737 381.237 377.738 408.701
 444.197 367.617 419.704 421.726 254.775 401.105 551.130 347.369 450.395 549.016
 315.508 421.657 534.008 425.774 351.721 293.966 440.382 233.426 124.738 127.397
 167.954 110.013 408.049 425.125 393.488 366.866 410.871 437.161 427.474 408.639
 465.212 494.686 450.789 508.913 340.840 327.304 422.823 349.424 341.183 431.200
 344.155 383.000 450.989 403.330 334.769 387.789 487.046 422.105 461.081 405.984
 441.095 450.667 462.631 257.698 226.230 289.129 365.630 138.865 208.606 244.252
 546.187 160.903 241.329 102.166  96.531 203.022 133.823 224.939  82.562  79.317
 515.835 467.109 451.120 412.509 359.588 398.431 319.644 361.962 402.899 577.345
 235.286 328.765 423.375 570.522 221.858 119.011  86.350 206.346 162.179 413.947
 400.434 403.748 450.418 377.471 332.061 512.735 501.804 529.275 538.834 524.966
 524.664 587.035 549.151 540.922 241.678 304.243 121.459 185.599 258.736 298.928
 236.430 199.669 157.515 147.976
 2019 1022    0  344    0
 465.360 401.366 476.776 381.552 377.496 358.240 367.854 491.968  59.411 142.181
 135.759 147.787  42.496  76.144 153.572 549.849 430.035 454.951 492.859 461.324
 433.864 448.176 445.528 435.013 237.580 229.661 216.326 144.683 123.003 108.885
  44.719 172.663 173.572 207.797 203.515 140.825 466.371 468.446 464.133 362.116
 320.949 424.118 401.668 445.734 443.936 426.713 472.217 226.860 404.950 407.881
 401.282 372.900 349.959 374.497 363.811 350.101 373.564 245.132 255.923 237.829
 236.170 119.972 150.000 108.179 125.533 148.111 226.043 543.411 568.835 500.648
 465.073 461.087 447.587 452.161 440.601 424.383 468.503 422.296 433.929 415.782
 403.291 393.956 446.686 423.567 386.610 471.415 495.742 553.537 479.236 490.218
 498.329 500.730 515.972 470.557 313.325 420.440 505.299 265.248 390.696 480.261
 226.777 366.479 538.359 424.714 441.708 441.108 419.222 372.636 418.687 423.220
 404.096 424.840 519.815 520.890 510.581 511.754 499.431 538.764 544.182 329.470
 299.086 335.867 319.692 322.342 363.143 355.869 400.805 491.487 479.866 475.241
 475.817 490.092 451.459 430.776 522.475 516.403 459.088 503.463 471.286 433.076
 418.019 454.650 444.260 445.032 492.291 507.857 495.539 524.449 545.187 430.617
 529.466 464.718 439.516 584.154 478.187 474.067 491.102 496.143 511.679 527.223
 466.349 520.037 499.787 453.065 436.309 227.138 201.207 221.810 274.266 307.538
 299.695 298.512 272.998 417.740 403.469 413.341 441.112 298.053 362.399 471.695
  92.068 148.977  84.004  36.311 522.675 448.740 413.511 366.527 344.455 112.003
 185.441 187.523 149.084  97.656 203.064 188.851 118.148 429.029 447.800 532.801
 445.424 479.107 531.734 455.018 439.016 445.381 441.785 466.025 467.214 374.714
 391.840 377.587 451.753 433.223 470.339 357.061 347.754 382.275 390.500 406.441
 452.528 328.239 396.403 405.135 421.949 395.439 429.522 381.269 377.578 408.236
 445.091 367.613 421.205 423.052 255.126 401.660 552.614 346.622 451.656 553.327
 314.831 424.330 537.305 426.466 352.317 293.602 441.740 232.860 124.549 127.033
 167.918 109.844 408.141 425.752 393.528 367.421 411.273 437.767 427.683 409.092
 466.053 495.477 452.754 512.487 342.028 328.244 421.962 349.700 341.518 431.859
 344.737 383.818 451.553 403.315 334.525 387.442 486.837 421.732 461.129 406.938
 442.900 453.701 466.357 258.733 225.127 289.969 366.321 138.563 209.056 245.272
 547.024 161.357 241.388 101.843  96.052 202.768 133.286 224.522  82.334  78.992
 517.253 468.995 453.262 413.309 360.352 400.526 319.474 362.317 404.522 582.345
 236.263 329.681 424.619 575.022 222.749 119.201  86.454 206.920 162.693 415.128
 401.035 405.664 451.935 378.978 331.984 514.288 501.864 529.904 539.982 525.390
 526.120 587.406 550.431 542.142 242.888 304.064 121.217 185.438 259.088 299.532
 236.100 199.325 157.320 148.199
 2019 1023    0  344    0
 469.326 404.702 480.716 383.355 379.011 359.338 369.296 493.931  59.077 141.527
 135.046 146.955  42.251  75.674 152.679 552.617 430.623 457.068 494.783 464.345
 436.448 451.069 450.033 438.209 236.706 228.670 215.479 143.861 122.345 108.230
  44.479 172.374 173.712 207.344 203.303 140.436 468.898 470.228 467.022 362.148
 319.692 425.594 400.811 445.254 443.196 424.973 471.703 224.921 408.063 409.835
 402.283 374.522 351.114 376.766 364.397 350.599 374.645 246.138 256.563 237.858
 236.231 119.830 149.619 108.040 125.584 147.876 226.060 543.147 569.756 501.360
 465.928 462.123 449.018 454.297 443.438 426.684 468.937 422.414 434.076 416.783
 404.202 394.472 448.872 425.486 387.532 473.260 497.654 554.950 480.917 491.847
 498.742 501.715 516.544 469.960 312.387 420.675 505.551 264.448 390.421 479.477
 226.590 366.087 539.004 426.810 444.938 443.904 420.898 375.490 422.110 427.123
 406.475 426.458 523.006 522.277 512.132 514.169 501.615 540.931 546.887 327.806
 297.937 335.085 319.736 322.397 363.264 355.664 401.143 494.120 482.478 477.749
 477.414 491.786 452.778 432.187 525.448 519.370 461.386 504.728 473.022 434.018
 418.560 456.130 444.788 445.546 492.760 509.055 496.647 525.879 546.276 432.952
 535.297 467.111 443.731 590.082 481.807 476.849 494.515 500.523 514.494 527.107
 467.097 521.336 502.671 454.594 438.981 227.789 201.589 221.671 274.702 308.045
 299.110 298.179 272.293 417.126 404.095 412.530 441.799 297.253 361.727 471.802
  91.812 148.646  83.634  36.119 524.133 450.632 413.685 366.159 344.223 111.588
 185.101 187.738 148.664  97.462 202.955 191.040 118.035 429.146 449.024 535.033
 447.584 482.316 534.370 456.572 440.665 446.255 443.017 468.225 469.211 375.784
 392.985 378.926 451.466 432.482 469.989 356.838 348.061 384.364 390.205 406.890
 453.673 328.392 397.622 405.710 421.933 395.373 429.308 381.302 377.419 407.774
 445.978 367.609 422.693 424.368 255.476 402.212 554.077 345.878 452.906 557.544
 314.159 426.979 540.544 427.153 352.909 293.239 443.089 232.297 124.362 126.671
 167.881 109.675 408.232 426.375 393.568 367.973 411.674 438.368 427.891 409.541
 466.887 496.259 454.700 516.003 343.208 329.177 421.108 349.974 341.850 432.511
 345.317 384.632 452.114 403.301 334.282 387.097 486.629 421.360 461.177 407.886
 444.688 456.703 470.038 259.763 224.030 290.803 367.007 138.263 209.503 246.285
 547.846 161.808 241.446 101.522  95.575 202.515 132.752 224.106  82.106  78.667
 518.656 470.863 455.384 414.103 361.111 402.605 319.306 362.670 406.133 587.206
 237.236 330.591 425.854 579.411 223.637 119.391  86.557 207.491 163.204 416.301
 401.632 407.565 453.439 380.474 331.908 515.824 501.924 530.527 541.116 525.809
 527.560 587.771 551.694 543.346 244.094 303.885 120.975 185.277 259.438 300.134
 235.771 198.982 157.124 148.422
 2019 1024    0  344    0
 473.239 408.007 484.599 385.143 380.514 360.428 370.726 495.865  58.744 140.876
 134.338 146.128  42.007  75.207 151.790 555.334 431.206 459.165 496.685 467.333
 439.009 453.932 454.483 441.372 235.837 227.683 214.636 143.044 121.690 107.579
  44.241 172.086 173.851 206.893 203.092 140.048 471.399 471.992 469.880 362.179
 318.443 427.055 399.962 444.779 442.464 423.252 471.196 223.001 411.146 411.773
 403.275 376.131 352.261 379.014 364.979 351.093 375.716 247.139 257.201 237.887
 236.292 119.688 149.239 107.902 125.636 147.641 226.076 542.885 570.663 502.065
 466.777 463.151 450.438 456.413 446.249 428.965 469.368 422.532 434.222 417.777
 405.108 394.984 451.037 427.390 388.448 475.089 499.548 556.344 482.583 493.461
 499.151 502.692 517.110 469.366 311.453 420.909 505.800 263.652 390.147 478.697
 226.403 365.697 539.641 428.888 448.135 446.672 422.561 378.320 425.497 430.984
 408.832 428.061 526.137 523.644 513.660 516.544 503.775 543.067 549.547 326.152
 296.794 334.307 319.780 322.452 363.385 355.461 401.479 496.722 485.062 480.230
 478.998 493.463 454.086 433.587 528.378 522.297 463.664 505.979 474.741 434.952
 419.097 457.599 445.312 446.056 493.226 510.241 497.745 527.293 547.351 435.265
 540.991 469.477 447.897 595.790 485.378 479.596 497.876 504.827 517.261 526.992
 467.839 522.620 505.519 456.109 441.628 228.437 201.970 221.532 275.136 308.550
 298.527 297.847 271.590 416.516 404.717 411.722 442.482 296.457 361.057 471.909
  91.556 148.316  83.265  35.928 525.573 452.507 413.858 365.793 343.992 111.174
 184.762 187.953 148.246  97.268 202.846 193.217 117.922 429.262 450.239 537.233
 449.722 485.487 536.967 458.114 442.302 447.122 444.239 470.402 471.186 376.848
 394.121 380.254 451.181 431.746 469.642 356.616 348.366 386.442 389.911 407.337
 454.812 328.544 398.835 406.283 421.918 395.308 429.096 381.334 377.260 407.316
 446.858 367.605 424.170 425.673 255.824 402.761 555.517 345.137 454.145 561.665
 313.490 429.604 543.725 427.836 353.499 292.878 444.428 231.737 124.176 126.310
 167.845 109.507 408.322 426.992 393.608 368.521 412.071 438.965 428.098 409.988
 467.713 497.034 456.629 519.461 344.380 330.105 420.259 350.246 342.180 433.158
 345.894 385.441 452.672 403.286 334.041 386.753 486.423 420.989 461.225 408.826
 446.460 459.672 473.673 260.787 222.939 291.633 367.689 137.965 209.947 247.290
 548.655 162.255 241.504 101.202  95.100 202.262 132.220 223.691  81.880  78.344
 520.042 472.715 457.488 414.891 361.865 404.667 319.138 363.021 407.732 591.928
 238.203 331.497 427.081 583.692 224.521 119.580  86.660 208.061 163.714 417.464
 402.225 409.450 454.928 381.960 331.832 517.345 501.983 531.143 542.238 526.225
 528.982 588.131 552.940 544.536 245.296 303.707 120.735 185.117 259.788 300.733
 235.443 198.640 156.930 148.644
 2019 1025    0  344    0
 477.101 411.280 488.424 386.916 382.004 361.509 372.145 497.772  58.414 140.227
 133.633 145.306  41.764  74.743 150.907 558.002 431.785 461.241 498.565 470.287
 441.545 456.765 458.880 444.502 234.972 226.701 213.797 142.231 121.039 106.932
  44.003 171.799 173.989 206.444 202.881 139.662 473.875 473.739 472.706 362.211
 317.201 428.501 399.121 444.309 441.741 421.548 470.696 221.099 414.201 413.694
 404.260 377.726 353.398 381.243 365.557 351.584 376.778 248.137 257.835 237.915
 236.353 119.547 148.861 107.765 125.687 147.408 226.093 542.626 571.557 502.764
 467.618 464.169 451.845 458.509 449.032 431.227 469.796 422.649 434.366 418.764
 406.007 395.493 453.182 429.277 389.357 476.903 501.422 557.720 484.235 495.060
 499.557 503.660 517.671 468.776 310.522 421.141 506.048 262.860 389.875 477.922
 226.218 365.310 540.270 430.949 451.297 449.412 424.209 381.128 428.851 434.803
 411.167 429.649 529.208 524.989 515.165 518.879 505.911 545.171 552.162 324.508
 295.658 333.533 319.824 322.507 363.505 355.258 401.812 499.293 487.616 482.683
 480.567 495.123 455.384 434.978 531.265 525.182 465.920 507.217 476.444 435.880
 419.632 459.058 445.833 446.564 493.688 511.416 498.834 528.692 548.413 437.556
 546.549 471.817 452.012 601.280 488.899 482.307 501.184 509.055 519.979 526.878
 468.576 523.889 508.328 457.611 444.251 229.083 202.350 221.393 275.569 309.054
 297.947 297.516 270.890 415.908 405.336 410.919 443.161 295.664 360.391 472.014
  91.302 147.988  82.897  35.739 526.996 454.366 414.030 365.429 343.763 110.763
 184.424 188.166 147.830  97.075 202.739 195.382 117.810 429.378 451.443 539.401
 451.841 488.621 539.524 459.642 443.927 447.982 445.452 472.555 473.140 377.903
 395.249 381.573 450.898 431.017 469.298 356.395 348.670 388.509 389.618 407.782
 455.943 328.695 400.042 406.852 421.903 395.243 428.885 381.366 377.103 406.860
 447.730 367.601 425.635 426.968 256.171 403.306 556.936 344.401 455.375 565.692
 312.824 432.206 546.848 428.514 354.086 292.518 445.758 231.179 123.990 125.950
 167.809 109.340 408.413 427.606 393.648 369.066 412.466 439.557 428.303 410.432
 468.532 497.801 458.540 522.860 345.543 331.025 419.417 350.516 342.508 433.798
 346.469 386.247 453.227 403.272 333.800 386.410 486.218 420.621 461.273 409.759
 448.214 462.608 477.262 261.806 221.853 292.458 368.365 137.668 210.389 248.289
 549.449 162.699 241.561 100.883  94.627 202.011 131.690 223.279  81.654  78.023
 521.413 474.549 459.573 415.673 362.614 406.712 318.972 363.369 409.318 596.511
 239.166 332.399 428.300 587.864 225.401 119.769  86.762 208.628 164.221 418.618
 402.814 411.321 456.404 383.435 331.757 518.849 502.042 531.754 543.346 526.637
 530.388 588.486 554.170 545.710 246.495 303.530 120.495 184.958 260.136 301.330
 235.116 198.300 156.736 148.865
 2019 1026    0  344    0
 480.910 414.522 492.192 388.675 383.481 362.582 373.551 499.650  58.086 139.582
 132.931 144.488  41.523  74.282 150.029 560.618 432.360 463.296 500.423 473.207
 444.057 459.567 463.222 447.598 234.112 225.725 212.962 141.423 120.391 106.289
  43.768 171.514 174.127 205.997 202.672 139.277 476.325 475.470 475.501 362.242
 315.966 429.931 398.286 443.844 441.026 419.862 470.203 219.215 417.226 415.598
 405.237 379.309 354.528 383.453 366.129 352.070 377.831 249.131 258.467 237.944
 236.414 119.407 148.484 107.628 125.738 147.175 226.109 542.370 572.437 503.457
 468.453 465.180 453.242 460.585 451.789 433.470 470.220 422.765 434.510 419.743
 406.900 395.999 455.307 431.148 390.260 478.701 503.277 559.076 485.872 496.644
 499.959 504.619 518.227 468.190 309.596 421.372 506.293 262.071 389.604 477.153
 226.033 364.924 540.893 432.991 454.426 452.124 425.844 383.913 432.169 438.579
 413.480 431.222 532.220 526.314 516.648 521.175 508.025 547.245 554.734 322.873
 294.529 332.765 319.867 322.561 363.624 355.057 402.143 501.833 490.142 485.109
 482.123 496.767 456.672 436.358 534.109 528.027 468.155 508.443 478.131 436.801
 420.164 460.506 446.350 447.068 494.147 512.579 499.914 530.076 549.463 439.825
 551.968 474.130 456.078 606.555 492.370 484.982 504.440 513.206 522.648 526.765
 469.307 525.143 511.101 459.099 446.849 229.726 202.728 221.255 275.999 309.555
 297.368 297.186 270.193 415.303 405.952 410.119 443.835 294.874 359.727 472.119
  91.049 147.661  82.532  35.550 528.403 456.210 414.201 365.067 343.535 110.353
 184.088 188.378 147.416  96.884 202.631 197.537 117.698 429.493 452.638 541.538
 453.939 491.717 542.042 461.159 445.539 448.836 446.656 474.685 475.073 378.951
 396.368 382.881 450.618 430.293 468.957 356.175 348.973 390.564 389.327 408.225
 457.066 328.846 401.243 407.419 421.887 395.179 428.676 381.398 376.946 406.407
 448.595 367.597 427.087 428.253 256.516 403.849 558.334 343.668 456.593 569.624
 312.162 434.784 549.912 429.188 354.670 292.160 447.078 230.623 123.805 125.592
 167.773 109.173 408.502 428.214 393.687 369.607 412.858 440.146 428.506 410.872
 469.344 498.561 460.432 526.200 346.699 331.939 418.582 350.784 342.833 434.432
 347.041 387.049 453.778 403.257 333.560 386.069 486.014 420.254 461.320 410.686
 449.953 465.512 480.806 262.820 220.773 293.277 369.037 137.373 210.828 249.281
 550.230 163.139 241.618 100.565  94.157 201.761 131.163 222.867  81.429  77.702
 522.769 476.367 461.639 416.448 363.357 408.741 318.806 363.715 410.891 600.956
 240.125 333.296 429.511 591.928 226.278 119.956  86.864 209.192 164.726 419.764
 403.398 413.176 457.866 384.899 331.682 520.337 502.101 532.358 544.441 527.045
 531.777 588.836 555.382 546.869 247.690 303.353 120.256 184.799 260.483 301.925
 234.791 197.961 156.543 149.085
 2019 1027    0  344    0
 484.667 417.732 495.902 390.420 384.947 363.646 374.945 501.501  57.759 138.940
 132.234 143.675  41.283  73.823 149.156 563.185 432.930 465.330 502.259 476.093
 446.544 462.339 467.509 450.660 233.257 224.753 212.130 140.620 119.747 105.650
  43.533 171.230 174.264 205.551 202.463 138.894 478.749 477.183 478.264 362.274
 314.739 431.346 397.459 443.385 440.320 418.194 469.716 217.349 420.222 417.485
 406.206 380.878 355.648 385.643 366.698 352.552 378.875 250.121 259.095 237.972
 236.475 119.267 148.108 107.491 125.789 146.944 226.125 542.116 573.304 504.143
 469.280 466.182 454.626 462.642 454.518 435.693 470.640 422.881 434.653 420.716
 407.786 396.501 457.410 433.003 391.157 480.483 505.114 560.414 487.495 498.213
 500.358 505.570 518.777 467.607 308.674 421.601 506.537 261.285 389.334 476.388
 225.849 364.540 541.508 435.015 457.521 454.808 427.464 386.675 435.453 442.313
 415.771 432.779 535.173 527.619 518.108 523.432 510.114 549.288 557.261 321.248
 293.406 332.001 319.910 322.615 363.743 354.857 402.472 504.341 492.639 487.508
 483.665 498.394 457.950 437.729 536.910 530.830 470.369 509.655 479.801 437.715
 420.693 461.944 446.865 447.570 494.602 513.732 500.984 531.444 550.500 442.073
 557.250 476.418 460.092 611.615 495.790 487.620 507.644 517.281 525.270 526.653
 470.031 526.383 513.837 460.575 449.421 230.367 203.105 221.118 276.429 310.055
 296.792 296.858 269.498 414.701 406.564 409.323 444.504 294.087 359.067 472.224
  90.796 147.335  82.168  35.362 529.793 458.037 414.370 364.707 343.309 109.946
 183.754 188.589 147.004  96.693 202.524 199.681 117.587 429.607 453.823 543.643
 456.016 494.776 544.521 462.662 447.139 449.683 447.850 476.790 476.985 379.991
 397.479 384.179 450.341 429.574 468.618 355.956 349.275 392.609 389.036 408.665
 458.183 328.996 402.438 407.982 421.872 395.115 428.468 381.430 376.791 405.957
 449.453 367.593 428.528 429.527 256.859 404.387 559.710 342.940 457.802 573.461
 311.504 437.339 552.919 429.857 355.250 291.804 448.389 230.070 123.621 125.236
 167.737 109.007 408.591 428.818 393.726 370.145 413.248 440.729 428.708 411.310
 470.148 499.313 462.307 529.483 347.846 332.847 417.753 351.050 343.156 435.061
 347.611 387.848 454.325 403.243 333.321 385.730 485.811 419.889 461.367 411.605
 451.675 468.383 484.303 263.829 219.699 294.092 369.704 137.080 211.265 250.266
 550.997 163.577 241.675 100.249  93.689 201.512 130.637 222.457  81.205  77.384
 524.109 478.167 463.687 417.217 364.096 410.753 318.641 364.060 412.452 605.263
 241.079 334.188 430.714 595.883 227.151 120.143  86.965 209.755 165.230 420.900
 403.979 415.015 459.315 386.353 331.608 521.810 502.159 532.956 545.523 527.449
 533.149 589.181 556.579 548.014 248.881 303.177 120.018 184.640 260.829 302.518
 234.467 197.623 156.351 149.304
 2019 1028    0  344    0
 488.370 420.911 499.555 392.150 386.400 364.702 376.328 503.324  57.434 138.301
 131.540 142.867  41.044  73.368 148.288 565.703 433.497 467.345 504.073 478.946
 449.007 465.081 471.740 453.688 232.405 223.786 211.303 139.821 119.106 105.015
  43.299 170.946 174.401 205.108 202.256 138.512 481.147 478.879 480.995 362.305
 313.519 432.746 396.639 442.931 439.622 416.542 469.236 215.500 423.188 419.355
 407.167 382.435 356.760 387.813 367.261 353.031 379.910 251.107 259.721 238.001
 236.535 119.128 147.734 107.355 125.840 146.713 226.141 541.864 574.158 504.822
 470.101 467.175 455.999 464.679 457.220 437.897 471.058 422.996 434.795 421.681
 408.667 397.000 459.493 434.842 392.048 482.250 506.932 561.734 489.103 499.767
 500.754 506.512 519.323 467.028 307.755 421.830 506.778 260.503 389.066 475.628
 225.666 364.158 542.117 437.022 460.582 457.464 429.072 389.414 438.702 446.004
 418.040 434.321 538.067 528.904 519.546 525.650 512.181 551.299 559.745 319.632
 292.290 331.241 319.953 322.668 363.860 354.658 402.798 506.819 495.108 489.880
 485.194 500.005 459.217 439.089 539.668 533.593 472.561 510.854 481.455 438.622
 421.219 463.371 447.376 448.068 495.054 514.873 502.045 532.797 551.524 444.298
 562.392 478.678 464.056 616.465 499.160 490.223 510.796 521.279 527.843 526.542
 470.751 527.609 516.535 462.037 451.969 231.006 203.480 220.981 276.857 310.553
 296.218 296.531 268.806 414.102 407.173 408.531 445.169 293.304 358.409 472.327
  90.545 147.010  81.805  35.175 531.166 459.849 414.539 364.350 343.084 109.540
 183.421 188.799 146.594  96.503 202.418 201.813 117.477 429.720 454.999 545.717
 458.073 497.797 546.960 464.153 448.726 450.524 449.034 478.872 478.876 381.024
 398.581 385.468 450.065 428.861 468.283 355.737 349.576 394.642 388.747 409.104
 459.292 329.146 403.627 408.543 421.857 395.051 428.261 381.461 376.636 405.509
 450.304 367.589 429.957 430.791 257.201 404.923 561.066 342.214 459.000 577.205
 310.849 439.870 555.868 430.522 355.828 291.449 449.690 229.519 123.437 124.880
 167.702 108.842 408.680 429.418 393.765 370.679 413.635 441.309 428.909 411.745
 470.946 500.058 464.165 532.706 348.985 333.749 416.930 351.315 343.477 435.683
 348.179 388.642 454.870 403.229 333.082 385.392 485.610 419.525 461.413 412.517
 453.380 471.221 487.755 264.833 218.630 294.901 370.366 136.789 211.699 251.243
 551.751 164.010 241.731  99.933  93.224 201.264 130.114 222.049  80.982  77.066
 525.434 479.951 465.716 417.980 364.830 412.748 318.478 364.402 414.000 609.435
 242.028 335.075 431.909 599.731 228.020 120.329  87.066 210.315 165.731 422.028
 404.555 416.840 460.749 387.796 331.534 523.266 502.216 533.548 546.592 527.850
 534.505 589.521 557.759 549.144 250.068 303.001 119.780 184.482 261.173 303.108
 234.144 197.287 156.159 149.523
 2019 1029    0  344    0
 492.021 424.058 503.149 393.865 387.842 365.750 377.698 505.120  57.111 137.665
 130.850 142.063  40.807  72.915 147.425 568.171 434.059 469.338 505.866 481.765
 451.446 467.793 475.916 456.683 231.559 222.823 210.478 139.027 118.468 104.383
  43.067 170.664 174.537 204.666 202.049 138.132 483.520 480.559 483.695 362.335
 312.306 434.132 395.826 442.481 438.932 414.907 468.763 213.668 426.126 421.209
 408.121 383.979 357.864 389.964 367.820 353.506 380.935 252.089 260.344 238.029
 236.595 118.989 147.362 107.220 125.890 146.483 226.158 541.615 574.999 505.496
 470.915 468.160 457.360 466.697 459.895 440.082 471.471 423.110 434.936 422.640
 409.541 397.496 461.556 436.664 392.933 484.001 508.731 563.035 490.697 501.306
 501.146 507.445 519.863 466.452 306.841 422.056 507.018 259.724 388.799 474.873
 225.483 363.778 542.718 439.011 463.610 460.092 430.665 392.130 441.916 449.652
 420.288 435.849 540.903 530.168 520.963 527.829 514.224 553.281 562.185 318.026
 291.181 330.486 319.995 322.721 363.977 354.460 403.123 509.266 497.547 492.224
 486.708 501.599 460.475 440.440 542.383 536.315 474.733 512.040 483.093 439.523
 421.742 464.787 447.884 448.563 495.502 516.004 503.096 534.135 552.536 446.502
 567.395 480.913 467.969 621.108 502.480 492.791 513.895 525.200 530.370 526.432
 471.464 528.820 519.196 463.486 454.492 231.642 203.854 220.844 277.283 311.048
 295.646 296.205 268.117 413.505 407.778 407.743 445.830 292.524 357.755 472.430
  90.295 146.687  81.444  34.989 532.522 461.646 414.706 363.995 342.860 109.136
 183.090 189.009 146.186  96.314 202.312 203.935 117.367 429.832 456.165 547.760
 460.110 500.780 549.361 465.632 450.300 451.357 450.210 480.931 480.746 382.049
 399.674 386.746 449.792 428.153 467.951 355.520 349.875 396.664 388.459 409.540
 460.394 329.295 404.809 409.101 421.842 394.988 428.056 381.493 376.483 405.065
 451.147 367.585 431.375 432.045 257.540 405.455 562.400 341.493 460.187 580.856
 310.197 442.378 558.759 431.182 356.402 291.096 450.982 228.970 123.255 124.527
 167.666 108.677 408.767 430.013 393.804 371.211 414.020 441.884 429.109 412.176
 471.736 500.795 466.004 535.872 350.116 334.644 416.113 351.577 343.795 436.300
 348.744 389.433 455.411 403.215 332.845 385.055 485.410 419.164 461.460 413.423
 455.069 474.026 491.160 265.832 217.566 295.706 371.023 136.499 212.131 252.214
 552.492 164.441 241.786  99.619  92.761 201.016 129.592 221.642  80.760  76.750
 526.744 481.717 467.726 418.737 365.559 414.727 318.315 364.741 415.536 613.472
 242.972 335.958 433.096 603.472 228.886 120.514  87.167 210.873 166.230 423.147
 405.127 418.650 462.170 389.229 331.460 524.706 502.273 534.134 547.648 528.246
 535.844 589.856 558.923 550.259 251.251 302.826 119.544 184.325 261.517 303.696
 233.822 196.952 155.968 149.741
 2019 1030    0  344    0
 495.619 427.173 506.685 395.566 389.271 366.790 379.057 506.889  56.790 137.032
 130.163 141.264  40.571  72.465 146.567 570.590 434.617 471.311 507.637 484.549
 453.860 470.475 480.036 459.643 230.717 221.866 209.658 138.237 117.834 103.755
  42.836 170.384 174.673 204.226 201.843 137.754 485.867 482.221 486.363 362.366
 311.100 435.502 395.020 442.036 438.250 413.289 468.296 211.854 429.034 423.046
 409.067 385.511 358.959 392.096 368.374 353.977 381.952 253.068 260.965 238.057
 236.655 118.851 146.991 107.085 125.941 146.254 226.174 541.367 575.828 506.163
 471.721 469.137 458.710 468.695 462.543 442.247 471.882 423.223 435.076 423.591
 410.409 397.988 463.598 438.471 393.811 485.737 510.512 564.318 492.277 502.830
 501.536 508.370 520.399 465.880 305.931 422.282 507.255 258.948 388.534 474.122
 225.302 363.400 543.313 440.982 466.603 462.691 432.245 394.824 445.095 453.257
 422.514 437.361 543.680 531.413 522.357 529.970 516.244 555.232 564.581 316.429
 290.078 329.736 320.038 322.774 364.093 354.264 403.445 511.681 499.958 494.541
 488.210 503.177 461.722 441.781 545.055 538.997 476.883 513.213 484.714 440.417
 422.263 466.193 448.389 449.056 495.947 517.123 504.139 535.458 553.536 448.684
 572.259 483.121 471.830 625.548 505.749 495.322 516.942 529.044 532.849 526.323
 472.172 530.018 521.820 464.923 456.990 232.276 204.227 220.708 277.707 311.543
 295.077 295.880 267.430 412.911 408.380 406.958 446.487 291.747 357.104 472.532
  90.046 146.365  81.085  34.804 533.862 463.426 414.873 363.642 342.638 108.734
 182.761 189.217 145.780  96.126 202.207 206.045 117.258 429.944 457.321 549.772
 462.126 503.724 551.723 467.098 451.863 452.185 451.375 482.966 482.595 383.066
 400.759 388.015 449.521 427.451 467.621 355.303 350.173 398.675 388.172 409.975
 461.488 329.443 405.986 409.657 421.827 394.926 427.852 381.524 376.330 404.624
 451.984 367.581 432.780 433.289 257.879 405.984 563.714 340.775 461.365 584.413
 309.549 444.862 561.593 431.838 356.974 290.745 452.265 228.424 123.073 124.174
 167.631 108.513 408.855 430.604 393.842 371.738 414.402 442.455 429.307 412.605
 472.520 501.525 467.826 538.980 351.240 335.533 415.302 351.837 344.111 436.911
 349.306 390.219 455.949 403.201 332.609 384.720 485.211 418.804 461.506 414.321
 456.742 476.798 494.519 266.826 216.508 296.505 371.676 136.212 212.560 253.179
 553.220 164.868 241.842  99.307  92.300 200.770 129.073 221.236  80.538  76.435
 528.039 483.467 469.718 419.488 366.283 416.689 318.153 365.079 417.060 617.376
 243.912 336.837 434.275 607.107 229.748 120.699  87.267 211.428 166.728 424.257
 405.695 420.444 463.578 390.652 331.387 526.131 502.330 534.714 548.692 528.639
 537.167 590.186 560.071 551.359 252.431 302.651 119.308 184.168 261.859 304.282
 233.502 196.619 155.778 149.958
 2019 1031    0  344    0
 499.163 430.256 510.164 397.253 390.688 367.821 380.404 508.631  56.470 136.402
 129.480 140.469  40.337  72.018 145.714 572.961 435.170 473.264 509.387 487.300
 456.250 473.126 484.099 462.570 229.879 220.913 208.841 137.452 117.203 103.131
  42.606 170.104 174.808 203.788 201.637 137.377 488.188 483.867 489.000 362.397
 309.902 436.858 394.221 441.597 437.576 411.688 467.835 210.056 431.913 424.866
 410.005 387.029 360.046 394.208 368.924 354.444 382.960 254.042 261.582 238.085
 236.714 118.714 146.621 106.951 125.991 146.025 226.190 541.123 576.643 506.824
 472.522 470.106 460.048 470.673 465.164 444.393 472.289 423.335 435.215 424.536
 411.271 398.477 465.620 440.261 394.684 487.457 512.274 565.582 493.842 504.339
 501.922 509.286 520.929 465.311 305.024 422.506 507.491 258.176 388.270 473.377
 225.121 363.024 543.900 442.935 469.562 465.263 433.811 397.495 448.239 456.819
 424.719 438.859 546.400 532.639 523.731 532.073 518.240 557.152 566.935 314.841
 288.982 328.990 320.080 322.827 364.209 354.068 403.765 514.066 502.340 496.832
 489.698 504.738 462.960 443.112 547.684 541.637 479.013 514.374 486.320 441.304
 422.781 467.588 448.891 449.545 496.388 518.232 505.172 536.766 554.523 450.845
 576.985 485.303 475.640 629.790 508.968 497.818 519.938 532.812 535.282 526.215
 472.874 531.200 524.407 466.346 459.463 232.907 204.598 220.572 278.130 312.035
 294.509 295.557 266.746 412.320 408.979 406.177 447.139 290.973 356.455 472.634
  89.797 146.044  80.727  34.620 535.186 465.191 415.038 363.291 342.417 108.333
 182.433 189.424 145.376  95.939 202.102 208.145 117.150 430.055 458.468 551.754
 464.122 506.631 554.047 468.552 453.413 453.006 452.532 484.978 484.424 384.076
 401.836 389.274 449.253 426.754 467.295 355.087 350.470 400.675 387.887 410.407
 462.576 329.591 407.156 410.209 421.813 394.863 427.650 381.555 376.179 404.185
 452.813 367.577 434.174 434.522 258.215 406.509 565.007 340.061 462.532 587.878
 308.905 447.323 564.371 432.490 357.543 290.395 453.538 227.881 122.892 123.823
 167.595 108.349 408.941 431.190 393.880 372.263 414.781 443.022 429.504 413.031
 473.296 502.248 469.630 542.029 352.355 336.415 414.497 352.096 344.424 437.516
 349.867 391.002 456.483 403.186 332.374 384.387 485.014 418.445 461.551 415.213
 458.399 479.537 497.831 267.814 215.455 297.300 372.323 135.926 212.986 254.136
 553.935 165.292 241.896  98.995  91.841 200.525 128.556 220.832  80.318  76.122
 529.318 485.200 471.691 420.233 367.001 418.635 317.992 365.415 418.572 621.148
 244.848 337.711 435.445 610.638 230.607 120.882  87.367 211.981 167.223 425.359
 406.259 422.224 464.971 392.064 331.314 527.539 502.386 535.288 549.723 529.028
 538.473 590.511 561.204 552.445 253.607 302.477 119.073 184.012 262.200 304.866
 233.182 196.286 155.588 150.174
